1616,
1672,
1672,
1716,
1700,
1692,
1740,
1708,
1732,
1672,
1692,
1672,
1672,
1644,
1644,
1636,
1604,
1600,
1608,
1612,
1624,
1632,
1684,
1732,
1744,
1684,
1688,
1688,
1680,
1668,
1568,
1572,
1604,
1700,
1644,
1628,
1560,
1624,
1792,
1708,
1816,
1708,
1788,
1624,
1688,
1568,
1668,
1720,
1816,
1776,
1728,
1704,
1644,
1676,
1632,
1600,
1640,
1572,
1592,
1588,
1652,
1668,
1720,
1740,
1752,
1756,
1740,
1720,
1688,
1712,
1692,
1720,
1696,
1704,
1720,
1708,
1712,
1720,
1748,
1752,
1744,
1760,
1796,
1848,
1880,
1856,
1788,
1624,
1532,
1768,
1600,
1752,
1548,
1632,
1704,
1648,
1512,
1700,
1868,
1892,
1816,
1728,
1628,
1560,
1556,
1636,
1632,
1684,
1696,
1748,
1736,
1732,
1740,
1696,
1740,
1628,
1664,
1580,
1620,
1632,
1656,
1680,
1668,
1704,
1640,
1700,
1660,
1656,
1628,
1616,
1612,
1616,
1572,
1588,
1580,
1612,
1620,
1640,
1676,
1720,
1664,
1736,
1724,
1744,
1780,
1732,
1672,
1576,
1556,
1492,
1540,
1456,
1536,
1532,
1560,
1592,
1640,
1700,
1720,
1724,
1708,
1692,
1684,
1732,
1692,
1736,
1728,
1736,
1756,
1800,
1756,
1780,
1764,
1756,
1712,
1720,
1708,
1736,
1656,
1640,
1636,
1668,
1680,
1672,
1692,
1660,
1780,
1684,
1608,
1676,
1708,
1828,
1772,
1776,
1684,
1740,
1728,
1708,
1680,
1628,
1668,
1624,
1656,
1596,
1676,
1668,
1688,
1712,
1692,
1772,
1700,
1752,
1700,
1720,
1708,
1656,
1668,
1628,
1592,
1560,
1588,
1556,
1572,
1596,
1612,
1680,
1704,
1692,
1684,
1696,
1696,
1712,
1676,
1680,
1664,
1684,
1672,
1660,
1616,
1592,
1628,
1748,
1644,
1728,
1676,
1708,
1696,
1768,
1796,
1860,
1812,
1776,
1760,
1704,
1628,
1624,
1608,
1604,
1584,
1608,
1620,
1616,
1672,
1672,
1716,
1700,
1692,
1740,
1708,
1732,
1672,
1692,
1672,
1672,
1644,
1644,
1636,
1604,
1600,
1608,
1612,
1624,
1632,
1684,
1732,
1744,
1684,
1688,
1688,
1680,
1668,
1568,
1572,
1604,
1700,
1644,
1628,
1560,
1624,
1792,
1708,
1816,
1708,
1788,
1624,
1688,
1568,
1668,
1720,
1816,
1776,
1728,
1704,
1644,
1676,
1632,
1600,
1640,
1572,
1592,
1588,
1652,
1668,
1720,
1740,
1752,
1756,
1740,
1720,
1688,
1712,
1692,
1720,
1696,
1704,
1720,
1708,
1712,
1720,
1748,
1752,
1744,
1760,
1796,
1848,
1880,
1856,
1788,
1624,
1532,
1768,
1600,
1752,
1548,
1632,
1704,
1648,
1512,
1700,
1868,
1892,
1816,
1728,
1628,
1560,
1556,
1636,
1632,
1684,
1696,
1748,
1736,
1732,
1740,
1696,
1740,
1628,
1664,
1580,
1620,
1632,
1656,
1680,
1668,
1704,
1640,
1700,
1660,
1656,
1628,
1616,
1612,
1616,
1572,
1588,
1580,
1612,
1620,
1640,
1676,
1720,
1664,
1736,
1724,
1744,
1780,
1732,
1672,
1576,
1556,
1492,
1540,
1456,
1536,
1532,
1560,
1592,
1640,
1700,
1720,
1724,
1708,
1692,
1684,
1732,
1692,
1736,
1728,
1736,
1756,
1800,
1756,
1780,
1764,
1756,
1712,
1720,
1708,
1736,
1656,
1640,
1636,
1668,
1680,
1672,
1692,
1660,
1780,
1684,
1608,
1676,
1708,
1828,
1772,
1776,
1684,
1740,
1728,
1708,
1680,
1628,
1668,
1624,
1656,
1596,
1676,
1668,
1688,
1712,
1692,
1772,
1700,
1752,
1700,
1720,
1708,
1656,
1668,
1628,
1592,
1560,
1588,
1556,
1572,
1596,
1612,
1680,
1704,
1692,
1684,
1696,
1696,
1712,
1676,
1680,
1664,
1684,
1672,
1660,
1616,
1592,
1628,
1748,
1644,
1728,
1676,
1708,
1696,
1768,
1796,
1860,
1812,
1776,
1760,
1704,
1628,
1624,
1608,
1604,
1584,
1608,
1620,
1616,
1672,
1672,
1716,
1700,
1692,
1740,
1708,
1732,
1672,
1692,
1672,
1672,
1644,
1644,
1636,
1604,
1600,
1608,
1612,
1624,
1632,
1684,
1732,
1744,
1684,
1688,
1688,
1680,
1668,
1568,
1572,
1604,
1700,
1644,
1628,
1560,
1624,
1792,
1708,
1816,
1708,
1788,
1624,
1688,
1568,
1668,
1720,
1816,
1776,
1728,
1704,
1644,
1676,
1632,
1600,
1640,
1572,
1592,
1588,
1652,
1668,
1720,
1740,
1752,
1756,
1740,
1720,
1688,
1712,
1692,
1720,
1696,
1704,
1720,
1708,
1712,
1720,
1748,
1752,
1744,
1760,
1796,
1848,
1880,
1856,
1788,
1624,
1532,
1768,
1600,
1752,
1548,
1632,
1704,
1648,
1512,
1700,
1868,
1892,
1816,
1728,
1628,
1560,
1556,
1636,
1632,
1684,
1696,
1748,
1736,
1732,
1740,
1696,
1740,
1628,
1664,
1580,
1620,
1632,
1656,
1680,
1668,
1704,
1640,
1700,
1660,
1656,
1628,
1616,
1612,
1616,
1572,
1588,
1580,
1612,
1620,
1640,
1676,
1720,
1664,
1736,
1724,
1744,
1780,
1732,
1672,
1576,
1556,
1492,
1540,
1456,
1536,
1532,
1560,
1592,
1640,
1700,
1720,
1724,
1708,
1692,
1684,
1732,
1692,
1736,
1728,
1736,
1756,
1800,
1756,
1780,
1764,
1756,
1712,
1720,
1708,
1736,
1656,
1640,
1636,
1668,
1680,
1672,
1692,
1660,
1780,
1684,
1608,
1676,
1708,
1828,
1772,
1776,
1684,
1740,
1728,
1708,
1680,
1628,
1668,
1624,
1656,
1596,
1676,
1668,
1688,
1712,
1692,
1772,
1700,
1752,
1700,
1720,
1708,
1656,
1668,
1628,
1592,
1560,
1588,
1556,
1572,
1596,
1612,
1680,
1704,
1692,
1684,
1696,
1696,
1712,
1676,
1680,
1664,
1684,
1672,
1660,
1616,
1592,
1628,
1748,
1644,
1728,
1676,
1708,
1696,
1768,
1796,
1860,
1812,
1776,
1760,
1704,
1628,
1624,
1608,
1604,
1584,
1608,
1620,
1664,
1644,
1672,
1644,
1648,
1608,
1656,
1612,
1636,
1608,
1576,
1572,
1604,
1592,
1616,
1664,
1724,
1676,
1660,
1636,
1632,
1612,
1564,
1532,
1560,
1616,
1604,
1584,
1564,
1636,
1840,
1796,
1896,
1816,
1876,
1688,
1752,
1620,
1660,
1676,
1596,
1564,
1528,
1612,
1576,
1692,
1616,
1664,
1748,
1672,
1652,
1616,
1672,
1672,
1716,
1700,
1692,
1740,
1708,
1732,
1672,
1692,
1672,
1672,
1644,
1644,
1636,
1604,
1600,
1608,
1612,
1624,
1632,
1684,
1732,
1744,
1684,
1688,
1688,
1680,
1668,
1568,
1572,
1604,
1700,
1644,
1628,
1560,
1624,
1792,
1708,
1816,
1708,
1788,
1624,
1688,
1568,
1668,
1720,
1816,
1776,
1728,
1704,
1644,
1676,
1632,
1600,
1640,
1572,
1592,
1588,
1652,
1668,
1720,
1740,
1752,
1756,
1740,
1720,
1688,
1712,
1692,
1720,
1696,
1704,
1720,
1708,
1712,
1720,
1748,
1752,
1744,
1760,
1796,
1848,
1880,
1856,
1788,
1624,
1532,
1768,
1600,
1916,
1752,
1548,
1424,
1632,
1704,
1648,
1512,
1700,
1868,
1892,
1816,
1728,
1628,
1560,
1556,
1636,
1632,
1684,
1696,
1748,
1736,
1732,
1740,
1696,
1740,
1628,
1664,
1580,
1620,
1632,
1656,
1680,
1668,
1704,
1640,
1700,
1660,
1656,
1628,
1616,
1612,
1616,
1572,
1588,
1580,
1612,
1620,
1640,
1676,
1720,
1664,
1736,
1724,
1744,
1780,
1732,
1672,
1576,
1556,
1492,
1540,
1456,
1536,
1532,
1560,
1592,
1640,
1700,
1720,
1724,
1708,
1692,
1684,
1732,
1692,
1736,
1728,
1736,
1756,
1800,
1756,
1780,
1764,
1756,
1712,
1720,
1708,
1736,
1656,
1640,
1636,
1668,
1680,
1672,
1692,
1660,
1780,
1684,
1608,
1676,
1708,
1828,
1772,
1776,
1684,
1740,
1728,
1708,
1680,
1628,
1668,
1624,
1656,
1596,
1676,
1668,
1688,
1712,
1692,
1772,
1700,
1752,
1700,
1720,
1708,
1656,
1668,
1628,
1592,
1560,
1588,
1556,
1572,
1596,
1612,
1680,
1704,
1692,
1684,
1696,
1696,
1712,
1676,
1680,
1664,
1684,
1672,
1660,
1616,
1592,
1628,
1748,
1644,
1728,
1676,
1708,
1696,
1768,
1796,
1860,
1812,
1776,
1760,
1704,
1628,
1624,
1608,
1604,
1584,
1608,
1620,
1664,
1644,
1672,
1644,
1648,
1608,
1656,
1612,
1636,
1608,
1576,
1572,
1604,
1592,
1616,
1664,
1724,
1676,
1660,
1636,
1632,
1612,
1564,
1532,
1560,
1616,
1604,
1584,
1564,
1636,
1840,
1796,
1896,
1816,
1876,
1688,
1752,
1620,
1660,
1676,
1596,
1564,
1528,
1612,
1576,
1692,
1616,
1664,
1748,
1672,
1652,
1608,
1664,
1660,
1668,
1660,
1616,
1660,
1664,
1660,
1628,
1620,
1668,
1684,
1724,
1724,
1760,
1708,
1696,
1612,
1596,
1596,
1700,
1852,
2052,
2328,
2644,
2908,
3280,
3508,
3624,
3780,
3820,
3772,
3788,
3680,
3504,
3352,
3296,
3176,
3208,
3144,
3204,
3152,
3228,
3292,
3260,
3356,
3396,
3436,
3444,
3464,
3480,
3464,
3488,
3456,
3432,
3420,
3452,
3424,
3412,
3460,
3456,
3436,
3496,
3508,
3516,
3484,
3432,
3464,
3472,
3492,
3516,
3580,
3528,
3648,
3536,
3400,
3308,
3416,
3388,
3428,
3432,
3444,
3444,
3460,
3452,
3460,
3468,
3496,
3496,
3432,
3424,
3444,
3448,
3496,
3540,
3504,
3512,
3452,
3420,
3392,
3388,
3416,
3416,
3472,
3476,
3516,
3520,
3580,
3536,
3544,
3528,
3504,
3496,
3440,
3436,
3404,
3364,
3368,
3356,
3300,
3340,
3360,
3340,
3388,
3432,
3512,
3500,
3456,
3480,
3428,
3416,
3432,
3408,
3376,
3324,
3344,
3340,
3444,
3376,
3436,
3408,
3440,
3424,
3460,
3496,
3464,
3480,
3440,
3408,
3348,
3360,
3300,
3304,
3284,
3352,
3360,
3400,
3416,
3460,
3476,
3460,
3428,
3476,
3480,
3448,
3352,
3288,
3276,
3272,
3256,
3224,
3252,
3308,
3432,
3400,
3352,
3408,
3488,
3588,
3528,
3508,
3416,
3432,
3416,
3400,
3364,
3300,
3376,
3280,
3324,
3232,
3304,
3296,
3340,
3400,
3404,
3496,
3448,
3508,
3416,
3368,
3320,
3236,
3256,
3224,
3288,
3308,
3356,
3440,
3444,
3472,
3356,
3356,
3292,
3352,
3352,
3424,
3432,
3460,
3440,
3460,
3416,
3416,
3372,
3360,
3308,
3304,
3296,
3420,
3308,
3388,
3368,
3372,
3364,
3444,
3476,
3452,
3456,
3348,
3356,
3304,
3288,
3256,
3248,
3240,
3308,
3336,
3376,
3448,
3416,
3504,
3444,
3432,
3392,
3384,
3332,
3308,
3268,
3300,
3300,
3300,
3316,
3360,
3412,
3408,
3364,
3292,
3320,
3304,
3316,
3280,
3320,
3360,
3412,
3380,
3336,
3264,
3332,
3444,
3364,
3452,
3396,
3472,
3352,
3384,
3256,
3336,
3332,
3356,
3296,
3276,
3316,
3328,
3368,
3336,
3368,
3460,
3416,
3436,
3376,
3408,
3340,
3376,
3372,
3372,
3396,
3444,
3480,
3444,
3412,
3324,
3264,
3208,
3140,
3108,
3100,
3128,
3208,
3268,
3300,
3364,
3400,
3396,
3452,
3452,
3408,
3472,
3416,
3292,
3328,
3252,
3192,
3248,
3204,
3188,
3144,
3164,
3112,
3232,
3192,
3264,
3264,
3284,
3332,
3364,
3404,
3408,
3388,
3364,
3396,
3380,
3328,
3316,
3256,
3236,
3236,
3240,
3208,
3240,
3252,
3304,
3312,
3344,
3408,
3428,
3380,
3308,
3280,
3240,
3240,
3184,
3252,
3184,
3344,
3300,
3244,
3216,
3348,
3436,
3436,
3476,
3460,
3388,
3324,
3236,
3220,
3236,
3256,
3272,
3268,
3264,
3304,
3352,
3316,
3324,
3280,
3296,
3240,
3220,
3216,
3228,
3248,
3264,
3292,
3280,
3324,
3268,
3264,
3192,
3144,
3152,
3128,
3144,
3160,
3180,
3216,
3296,
3292,
3284,
3264,
3268,
3232,
3280,
3264,
3288,
3352,
3364,
3328,
3344,
3360,
3308,
3356,
3200,
3204,
3108,
3096,
3040,
3176,
3176,
3252,
3240,
3224,
3200,
3196,
3196,
3192,
3176,
3188,
3188,
3240,
3260,
3248,
3280,
3280,
3316,
3272,
3264,
3252,
3204,
3200,
3176,
3140,
3188,
3232,
3240,
3220,
3156,
3148,
3220,
3200,
3224,
3244,
3292,
3412,
3364,
3288,
3308,
3312,
3384,
3276,
3240,
3136,
3212,
3220,
3256,
3236,
3264,
3392,
3360,
3436,
3324,
3372,
3316,
3256,
3232,
3192,
3196,
3112,
3192,
3180,
3192,
3220,
3256,
3304,
3316,
3288,
3260,
3260,
3216,
3224,
3168,
3176,
3184,
3160,
3196,
3248,
3244,
3288,
3324,
3328,
3348,
3320,
3268,
3276,
3264,
3140,
3044,
3112,
3184,
3052,
3208,
3160,
3104,
3172,
3336,
3264,
3312,
3368,
3248,
3260,
3288,
3248,
3200,
3208,
3172,
3172,
3208,
3200,
3312,
3284,
3348,
3332,
3284,
3144,
3196,
3060,
2956,
2992,
2988,
2948,
3088,
3188,
3180,
3368,
3484,
3368,
3396,
3376,
3312,
3288,
3272,
3228,
3192,
3292,
3268,
3196,
3200,
3288,
3380,
3288,
3276,
3128,
3156,
3016,
3092,
3016,
3140,
3236,
3348,
3380,
3300,
3336,
3268,
3272,
3184,
3140,
3104,
3032,
3088,
3060,
3128,
3164,
3240,
3304,
3272,
3292,
3252,
3228,
3144,
3112,
3096,
3092,
3132,
3172,
3204,
3252,
3300,
3300,
3280,
3236,
3228,
3172,
3132,
3136,
3140,
3140,
3168,
3152,
3072,
3120,
3096,
3112,
3148,
3092,
3076,
3120,
3336,
3352,
3340,
3280,
3400,
3380,
3300,
3124,
3044,
3140,
3152,
3004,
2912,
2896,
2992,
3016,
3096,
3092,
3200,
3248,
3228,
3144,
3164,
3168,
3188,
3176,
3204,
3264,
3324,
3200,
3164,
3196,
3156,
3152,
3080,
3056,
3068,
3224,
3208,
3120,
3128,
3276,
3364,
3376,
3368,
3336,
3292,
3236,
3124,
3036,
3052,
3064,
3052,
2988,
2988,
3004,
3120,
3128,
3152,
3208,
3196,
3188,
3176,
3156,
3176,
3172,
3140,
3124,
3084,
3052,
3000,
2988,
2952,
2976,
3020,
3032,
3048,
3108,
3132,
3176,
3188,
3192,
3180,
3180,
3180,
3160,
3148,
3156,
3136,
3168,
3160,
3084,
3108,
3080,
3052,
3100,
3020,
3004,
2940,
2992,
2972,
3096,
3088,
3164,
3192,
3172,
3112,
3112,
3140,
3116,
3092,
3084,
3092,
3120,
3144,
3116,
3116,
3112,
3108,
3100,
3108,
3052,
3064,
3024,
3028,
3000,
3020,
3020,
3056,
3008,
2992,
3032,
3068,
3092,
3116,
3176,
3212,
3308,
3252,
3172,
3176,
3184,
3260,
3132,
3108,
3032,
3056,
3068,
3060,
3012,
3004,
3120,
3108,
3144,
3064,
3112,
3092,
3056,
3024,
2964,
3040,
3004,
3064,
3056,
3116,
3156,
3148,
3164,
3172,
3164,
3092,
3124,
3128,
3020,
3044,
3004,
2988,
2992,
2960,
2984,
3060,
3088,
3124,
3136,
3136,
3156,
3128,
3132,
3156,
3092,
3112,
3128,
3204,
3100,
3116,
3092,
3044,
3020,
3100,
3100,
3112,
3088,
3080,
3116,
3116,
3100,
3104,
3100,
3108,
3148,
3140,
3132,
3176,
3100,
3100,
3044,
3032,
2992,
2988,
3044,
3012,
3060,
2992,
3028,
3000,
2952,
2940,
3004,
3040,
3044,
3076,
3136,
3228,
3264,
3232,
3196,
3104,
3152,
3064,
3008,
2920,
3012,
3132,
3072,
3160,
3048,
3140,
2988,
3096,
2996,
3112,
3104,
3092,
3052,
2964,
3024,
3020,
3064,
3044,
3068,
3092,
3076,
3056,
3044,
3064,
3048,
3032,
3048,
3020,
3024,
3024,
3040,
3004,
3028,
3020,
3052,
3056,
3084,
3072,
3048,
3024,
3000,
2992,
2948,
2956,
2952,
2964,
2948,
2984,
2980,
3064,
3052,
2976,
3052,
3052,
2988,
3028,
2984,
2908,
2840,
2892,
2856,
2976,
2976,
3032,
3040,
3028,
3048,
3040,
3024,
3020,
3032,
3024,
3016,
3064,
3024,
3056,
3028,
3044,
2996,
2996,
2944,
2940,
2948,
2940,
2936,
2984,
3028,
3068,
3048,
3036,
3088,
3064,
3112,
3064,
3128,
3092,
3264,
3208,
3088,
2988,
3100,
3088,
3132,
3116,
3140,
3068,
3056,
3020,
3000,
2980,
2972,
2932,
2888,
2900,
2900,
2968,
2964,
2984,
2980,
3016,
3008,
2996,
3004,
3008,
3040,
3052,
3052,
3024,
3036,
3024,
3040,
3004,
2980,
2992,
2964,
2964,
2952,
2952,
2952,
2972,
2968,
2964,
2940,
3000,
3012,
3052,
3108,
3124,
3168,
3172,
3036,
3064,
3016,
2932,
2984,
2932,
2924,
2876,
2920,
2888,
3028,
2988,
3044,
3060,
3028,
3040,
3024,
3048,
3004,
3060,
3024,
3004,
3000,
3000,
2976,
2964,
2924,
2924,
2932,
2924,
2908,
2952,
2920,
2964,
2880,
2980,
3008,
3048,
2964,
2944,
2964,
2976,
2956,
2904,
2956,
2908,
3044,
2944,
2884,
2940,
3000,
3156,
3056,
3072,
2964,
2988,
2944,
2948,
2916,
2860,
2952,
2916,
3040,
2980,
2968,
2908,
2896,
2836,
2848,
2868,
2880,
3020,
3028,
3080,
3104,
3068,
3040,
2968,
2984,
2940,
2920,
2896,
2924,
2940,
2904,
2924,
2900,
2916,
2920,
2960,
2948,
2964,
3000,
3024,
3052,
3040,
3008,
3048,
2956,
2920,
2916,
3000,
2884,
2940,
2900,
2908,
2868,
2972,
2980,
3004,
2996,
2916,
2944,
2956,
2952,
2940,
2956,
2920,
2972,
3004,
3008,
3060,
2968,
2996,
2952,
2920,
2876,
2900,
2896,
2892,
2936,
2928,
2948,
2968,
2908,
2948,
2960,
2924,
2872,
2888,
2936,
3004,
3044,
3020,
3032,
3028,
3016,
2956,
2900,
2800,
2820,
2972,
2888,
3004,
2924,
3008,
2892,
2964,
2852,
2920,
2952,
2940,
2896,
2864,
2896,
2896,
2952,
2940,
2936,
2948,
2896,
2916,
2852,
2868,
2868,
2876,
2904,
2960,
2972,
2968,
3024,
3012,
3064,
3072,
3048,
3028,
3000,
2968,
2960,
2984,
2908,
2924,
2856,
2828,
2792,
2764,
2764,
2808,
2812,
2880,
2916,
2868,
2936,
2948,
2916,
2996,
2964,
2932,
2888,
2888,
2848,
2908,
2852,
2864,
2828,
2812,
2808,
2796,
2852,
2824,
2840,
2856,
2856,
2852,
2860,
2856,
2852,
2876,
2860,
2864,
2860,
2856,
2888,
2868,
2868,
2860,
2888,
2872,
2788,
2700,
2736,
2768,
2780,
2820,
2888,
2896,
3080,
3052,
2996,
2928,
3060,
3024,
2988,
2924,
2884,
2808,
2784,
2760,
2800,
2840,
2944,
2968,
2968,
2912,
2928,
2952,
2920,
2912,
2900,
2964,
2948,
2984,
2968,
2960,
2972,
2928,
2912,
2900,
2888,
2884,
2880,
2876,
2892,
2896,
2872,
2856,
2796,
2752,
2700,
2720,
2664,
2728,
2788,
2892,
2900,
3000,
2968,
3000,
3036,
3000,
2900,
2968,
2892,
2876,
2880,
2812,
2736,
2676,
2692,
2664,
2736,
2704,
2796,
2740,
2772,
2768,
2844,
2896,
2876,
2892,
2880,
2888,
2852,
2848,
2788,
2800,
2808,
2804,
2804,
2792,
2804,
2828,
2816,
2836,
2796,
2844,
2852,
2888,
2876,
2840,
2872,
2884,
2892,
2900,
2900,
2920,
2992,
2920,
2856,
2908,
2920,
2980,
2848,
2792,
2708,
2728,
2736,
2772,
2792,
2796,
2940,
2900,
2972,
2916,
2960,
2940,
2924,
2900,
2868,
2928,
2864,
2872,
2808,
2844,
2856,
2804,
2796,
2772,
2776,
2768,
2812,
2776,
2788,
2828,
2832,
2860,
2860,
2848,
2848,
2880,
2848,
2844,
2824,
2808,
2780,
2768,
2760,
2776,
2748,
2744,
2788,
2952,
2868,
2900,
2844,
2800,
2764,
2824,
2808,
2804,
2784,
2776,
2796,
2772,
2796,
2768,
2812,
2784,
2796,
2796,
2792,
2820,
2784,
2824,
2768,
2760,
2732,
2756,
2752,
2764,
2772,
2780,
2796,
2808,
2772,
2760,
2800,
2832,
2772,
2748,
2748,
2748,
2776,
2776,
2780,
2788,
2840,
2800,
2792,
2696,
2760,
2924,
2832,
2984,
2876,
2960,
2792,
2844,
2720,
2772,
2768,
2768,
2700,
2696,
2728,
2732,
2768,
2816,
2824,
2872,
2836,
2864,
2816,
2872,
2812,
2820,
2792,
2752,
2728,
2708,
2712,
2720,
2736,
2780,
2800,
2832,
2844,
2820,
2856,
2868,
2824,
2796,
2736,
2736,
2692,
2672,
2660,
2684,
2704,
2824,
2840,
2788,
2876,
2816,
2804,
2840,
2840,
2808,
2776,
2728,
2684,
2736,
2676,
2740,
2760,
2772,
2816,
2812,
2848,
2796,
2792,
2752,
2708,
2728,
2696,
2724,
2740,
2788,
2788,
2788,
2776,
2768,
2740,
2704,
2696,
2684,
2776,
2804,
2772,
2756,
2836,
2848,
2876,
2816,
2852,
2772,
2872,
2788,
2664,
2576,
2736,
2792,
2808,
2792,
2764,
2700,
2668,
2612,
2576,
2616,
2668,
2764,
2824,
2828,
2888,
2968,
2908,
2868,
2780,
2688,
2612,
2636,
2604,
2632,
2680,
2684,
2728,
2756,
2808,
2836,
2844,
2836,
2796,
2808,
2764,
2760,
2736,
2748,
2728,
2712,
2696,
2700,
2704,
2732,
2724,
2748,
2776,
2780,
2784,
2740,
2620,
2684,
2704,
2696,
2756,
2744,
2768,
2744,
2780,
2744,
2844,
2788,
2820,
2764,
2716,
2692,
2648,
2696,
2644,
2628,
2612,
2600,
2636,
2696,
2736,
2788,
2836,
2872,
2852,
2876,
2800,
2808,
2696,
2660,
2584,
2612,
2632,
2636,
2624,
2632,
2684,
2772,
2764,
2760,
2784,
2760,
2824,
2716,
2620,
2668,
2672,
2792,
2720,
2696,
2616,
2660,
2664,
2664,
2648,
2620,
2732,
2692,
2748,
2656,
2708,
2684,
2700,
2692,
2664,
2712,
2660,
2704,
2676,
2664,
2660,
2616,
2624,
2596,
2624,
2596,
2664,
2664,
2724,
2828,
2820,
2868,
2868,
2856,
2796,
2780,
2748,
2696,
2684,
2636,
2632,
2576,
2592,
2564,
2544,
2568,
2616,
2704,
2652,
2748,
2736,
2780,
2736,
2856,
2840,
2816,
2756,
2652,
2656,
2604,
2604,
2560,
2584,
2556,
2604,
2604,
2580,
2632,
2604,
2664,
2632,
2688,
2708,
2752,
2812,
2800,
2804,
2756,
2720,
2632,
2600,
2576,
2632,
2708,
2676,
2748,
2788,
2844,
2864,
2816,
2812,
2808,
2820,
2752,
2668,
2584,
2568,
2708,
2588,
2668,
2580,
2672,
2528,
2624,
2556,
2668,
2716,
2772,
2736,
2708,
2740,
2708,
2768,
2688,
2672,
2716,
2640,
2624,
2532,
2572,
2568,
2616,
2652,
2656,
2724,
2740,
2764,
2728,
2680,
2672,
2640,
2616,
2660,
2664,
2632,
2676,
2660,
2640,
2596,
2564,
2536,
2468,
2476,
2524,
2508,
2660,
2688,
2688,
2760,
2776,
2724,
2764,
2692,
2648,
2524,
2540,
2524,
2644,
2580,
2652,
2616,
2624,
2672,
2680,
2680,
2668,
2624,
2640,
2644,
2676,
2676,
2680,
2648,
2644,
2636,
2644,
2612,
2612,
2584,
2564,
2516,
2560,
2604,
2680,
2624,
2640,
2660,
2668,
2712,
2652,
2640,
2584,
2720,
2604,
2536,
2496,
2612,
2696,
2756,
2724,
2688,
2664,
2644,
2660,
2660,
2724,
2764,
2756,
2688,
2648,
2600,
2616,
2540,
2524,
2520,
2568,
2592,
2616,
2624,
2660,
2692,
2668,
2648,
2632,
2648,
2664,
2716,
2756,
2740,
2784,
2756,
2724,
2648,
2584,
2516,
2524,
2488,
2520,
2528,
2556,
2596,
2644,
2676,
2708,
2720,
2716,
2640,
2724,
2696,
2700,
2748,
2700,
2640,
2584,
2536,
2484,
2548,
2512,
2564,
2580,
2600,
2612,
2664,
2712,
2684,
2688,
2640,
2604,
2564,
2548,
2464,
2436,
2436,
2420,
2424,
2456,
2504,
2560,
2664,
2748,
2752,
2788,
2828,
2824,
2724,
2632,
2552,
2524,
2468,
2512,
2500,
2528,
2576,
2572,
2432,
2588,
2644,
2832,
2760,
2788,
2688,
2672,
2624,
2568,
2492,
2464,
2560,
2520,
2632,
2552,
2616,
2568,
2564,
2588,
2552,
2584,
2520,
2592,
2516,
2564,
2548,
2520,
2532,
2540,
2596,
2596,
2636,
2632,
2604,
2636,
2612,
2564,
2572,
2540,
2568,
2600,
2684,
2708,
2740,
2748,
2792,
2772,
2708,
2624,
2508,
2460,
2408,
2444,
2376,
2432,
2452,
2536,
2604,
2776,
2832,
2828,
2824,
2752,
2600,
2544,
2500,
2436,
2388,
2344,
2440,
2500,
2576,
2688,
2676,
2760,
2708,
2756,
2704,
2696,
2628,
2628,
2532,
2504,
2488,
2440,
2440,
2464,
2516,
2536,
2504,
2524,
2608,
2632,
2652,
2624,
2680,
2680,
2708,
2644,
2552,
2420,
2504,
2644,
2564,
2668,
2600,
2664,
2508,
2540,
2392,
2464,
2488,
2548,
2536,
2508,
2568,
2564,
2644,
2668,
2632,
2668,
2576,
2628,
2560,
2556,
2524,
2516,
2532,
2520,
2500,
2500,
2484,
2464,
2500,
2520,
2524,
2516,
2508,
2484,
2504,
2496,
2492,
2532,
2564,
2620,
2636,
2640,
2636,
2636,
2576,
2620,
2572,
2484,
2496,
2472,
2460,
2540,
2516,
2520,
2448,
2512,
2460,
2556,
2500,
2572,
2560,
2572,
2548,
2552,
2580,
2532,
2556,
2528,
2528,
2560,
2516,
2520,
2480,
2516,
2484,
2524,
2524,
2536,
2564,
2564,
2592,
2632,
2684,
2676,
2600,
2528,
2580,
2536,
2528,
2520,
2540,
2516,
2656,
2588,
2468,
2424,
2560,
2632,
2668,
2640,
2660,
2576,
2556,
2512,
2480,
2476,
2492,
2480,
2456,
2412,
2392,
2428,
2532,
2480,
2512,
2520,
2456,
2384,
2388,
2368,
2472,
2464,
2560,
2520,
2580,
2544,
2540,
2516,
2540,
2556,
2528,
2524,
2512,
2488,
2440,
2440,
2412,
2396,
2400,
2404,
2396,
2456,
2456,
2512,
2564,
2560,
2516,
2552,
2488,
2488,
2504,
2412,
2408,
2368,
2452,
2468,
2576,
2564,
2652,
2632,
2624,
2584,
2548,
2488,
2508,
2512,
2420,
2472,
2584,
2536,
2552,
2632,
2572,
2524,
2472,
2408,
2260,
2288,
2276,
2364,
2412,
2480,
2608,
2732,
2708,
2752,
2760,
2676,
2632,
2568,
2424,
2408,
2488,
2356,
2292,
2472,
2424,
2588,
2612,
2612,
2508,
2608,
2584,
2496,
2484,
2380,
2404,
2356,
2400,
2276,
2380,
2392,
2400,
2412,
2432,
2508,
2488,
2552,
2524,
2560,
2556,
2532,
2512,
2492,
2468,
2468,
2480,
2428,
2436,
2412,
2388,
2376,
2392,
2364,
2352,
2388,
2416,
2508,
2520,
2524,
2540,
2520,
2492,
2476,
2408,
2428,
2460,
2588,
2524,
2580,
2540,
2500,
2432,
2508,
2472,
2488,
2456,
2436,
2452,
2476,
2448,
2456,
2404,
2396,
2420,
2380,
2372,
2388,
2424,
2468,
2488,
2508,
2520,
2564,
2604,
2648,
2636,
2672,
2608,
2616,
2492,
2456,
2380,
2356,
2296,
2224,
2280,
2308,
2376,
2424,
2512,
2584,
2692,
2712,
2664,
2596,
2592,
2660,
2568,
2616,
2492,
2540,
2388,
2432,
2324,
2388,
2428,
2464,
2472,
2480,
2532,
2528,
2556,
2556,
2576,
2568,
2472,
2456,
2376,
2384,
2384,
2360,
2384,
2356,
2388,
2456,
2496,
2480,
2528,
2536,
2500,
2532,
2532,
2572,
2564,
2616,
2556,
2524,
2428,
2424,
2400,
2408,
2400,
2448,
2468,
2572,
2548,
2452,
2488,
2460,
2384,
2440,
2396,
2380,
2364,
2400,
2404,
2548,
2508,
2572,
2508,
2484,
2432,
2388,
2364,
2300,
2308,
2264,
2280,
2308,
2304,
2368,
2360,
2392,
2388,
2440,
2400,
2416,
2420,
2400,
2400,
2404,
2444,
2468,
2416,
2388,
2404,
2392,
2412,
2384,
2444,
2388,
2596,
2536,
2464,
2404,
2496,
2508,
2580,
2592,
2584,
2568,
2520,
2476,
2404,
2380,
2384,
2372,
2348,
2324,
2320,
2376,
2340,
2396,
2384,
2472,
2472,
2504,
2532,
2544,
2512,
2452,
2436,
2396,
2328,
2312,
2324,
2324,
2360,
2388,
2412,
2456,
2452,
2456,
2476,
2476,
2484,
2472,
2476,
2476,
2436,
2428,
2376,
2344,
2356,
2308,
2248,
2312,
2320,
2352,
2444,
2480,
2504,
2468,
2488,
2476,
2552,
2472,
2472,
2456,
2412,
2396,
2408,
2436,
2432,
2452,
2424,
2472,
2428,
2448,
2428,
2420,
2420,
2428,
2424,
2436,
2448,
2420,
2412,
2392,
2340,
2368,
2436,
2468,
2444,
2428,
2500,
2556,
2540,
2476,
2460,
2452,
2540,
2432,
2348,
2392,
2440,
2592,
2484,
2456,
2348,
2388,
2368,
2384,
2348,
2344,
2448,
2460,
2512,
2464,
2476,
2440,
2420,
2424,
2368,
2396,
2340,
2420,
2380,
2400,
2412,
2364,
2328,
2252,
2244,
2228,
2260,
2268,
2324,
2504,
2676,
2788,
2700,
2664,
2608,
2572,
2400,
2256,
2212,
2344,
2408,
2392,
2404,
2484,
2484,
2472,
2404,
2476,
2404,
2436,
2404,
2352,
2364,
2448,
2456,
2412,
2456,
2428,
2536,
2472,
2448,
2388,
2384,
2368,
2340,
2356,
2332,
2400,
2356,
2388,
2312,
2308,
2320,
2304,
2340,
2360,
2348,
2396,
2344,
2348,
2300,
2348,
2332,
2328,
2284,
2316,
2396,
2460,
2464,
2456,
2496,
2512,
2536,
2456,
2348,
2200,
2268,
2428,
2348,
2484,
2424,
2540,
2392,
2420,
2304,
2332,
2328,
2304,
2324,
2292,
2376,
2404,
2492,
2524,
2524,
2584,
2548,
2564,
2476,
2460,
2364,
2316,
2288,
2228,
2212,
2188,
2232,
2204,
2264,
2284,
2360,
2392,
2444,
2472,
2444,
2420,
2412,
2408,
2448,
2464,
2456,
2468,
2456,
2428,
2392,
2396,
2344,
2252,
2264,
2256,
2272,
2336,
2292,
2252,
2244,
2260,
2252,
2396,
2340,
2440,
2464,
2440,
2464,
2464,
2456,
2396,
2344,
2300,
2300,
2276,
2284,
2304,
2296,
2348,
2360,
2380,
2364,
2364,
2416,
2432,
2420,
2404,
2432,
2388,
2304,
2264,
2248,
2244,
2248,
2236,
2312,
2280,
2436,
2392,
2308,
2244,
2344,
2400,
2424,
2412,
2420,
2392,
2396,
2388,
2424,
2444,
2452,
2412,
2344,
2268,
2244,
2288,
2236,
2264,
2260,
2300,
2268,
2324,
2328,
2360,
2356,
2384,
2412,
2356,
2380,
2400,
2448,
2408,
2416,
2384,
2368,
2324,
2272,
2260,
2204,
2216,
2236,
2268,
2268,
2304,
2300,
2308,
2300,
2264,
2308,
2284,
2236,
2340,
2332,
2352,
2432,
2424,
2368,
2316,
2288,
2244,
2340,
2284,
2372,
2364,
2412,
2436,
2476,
2500,
2456,
2408,
2384,
2392,
2324,
2332,
2372,
2400,
2436,
2420,
2392,
2364,
2328,
2320,
2328,
2332,
2332,
2380,
2420,
2456,
2364,
2340,
2328,
2376,
2352,
2360,
2356,
2412,
2476,
2448,
2300,
2304,
2348,
2464,
2308,
2300,
2144,
2228,
2228,
2308,
2332,
2408,
2504,
2460,
2492,
2352,
2368,
2292,
2240,
2224,
2196,
2296,
2264,
2340,
2292,
2312,
2288,
2244,
2288,
2244,
2284,
2264,
2312,
2312,
2356,
2392,
2372,
2392,
2384,
2392,
2380,
2364,
2340,
2304,
2312,
2248,
2244,
2216,
2248,
2328,
2316,
2332,
2368,
2480,
2336,
2376,
2328,
2260,
2264,
2360,
2396,
2408,
2468,
2436,
2500,
2460,
2452,
2380,
2332,
2244,
2204,
2188,
2188,
2256,
2244,
2372,
2356,
2400,
2432,
2440,
2424,
2428,
2356,
2364,
2332,
2332,
2332,
2320,
2424,
2404,
2344,
2284,
2248,
2264,
2268,
2244,
2308,
2356,
2532,
2596,
2644,
2580,
2596,
2584,
2308,
2164,
1912,
1852,
1732,
1920,
1984,
2344,
2532,
2760,
2844,
2860,
2872,
2768,
2680,
2440,
2212,
2008,
1820,
1800,
1880,
2120,
2340,
2568,
2724,
2764,
2768,
2628,
2504,
2308,
2156,
2036,
1956,
1868,
1936,
1992,
2152,
2336,
2480,
2596,
2700,
2724,
2680,
2576,
2432,
2332,
2204,
2124,
2020,
1916,
1956,
2032,
2136,
2312,
2416,
2500,
2488,
2532,
2504,
2548,
2416,
2400,
2324,
2292,
2276,
2280,
2288,
2324,
2340,
2328,
2344,
2344,
2316,
2308,
2228,
2248,
2196,
2236,
2276,
2340,
2372,
2416,
2428,
2476,
2504,
2516,
2456,
2384,
2404,
2392,
2340,
2284,
2284,
2220,
2344,
2328,
2208,
2192,
2296,
2324,
2280,
2276,
2180,
2216,
2200,
2236,
2188,
2260,
2340,
2376,
2404,
2388,
2428,
2452,
2456,
2440,
2332,
2268,
2180,
2168,
2188,
2220,
2232,
2264,
2312,
2324,
2384,
2432,
2468,
2456,
2472,
2476,
2424,
2376,
2308,
2276,
2244,
2228,
2204,
2232,
2160,
2248,
2256,
2316,
2320,
2316,
2320,
2328,
2280,
2304,
2320,
2352,
2408,
2380,
2340,
2228,
2260,
2180,
2244,
2172,
2132,
2148,
2196,
2220,
2192,
2272,
2272,
2316,
2296,
2308,
2292,
2332,
2336,
2352,
2372,
2368,
2360,
2364,
2308,
2284,
2208,
2216,
2164,
2232,
2284,
2296,
2280,
2280,
2320,
2348,
2356,
2388,
2428,
2464,
2508,
2384,
2256,
2240,
2224,
2360,
2236,
2232,
2164,
2228,
2248,
2296,
2280,
2260,
2400,
2336,
2396,
2288,
2344,
2312,
2328,
2284,
2220,
2256,
2196,
2260,
2228,
2260,
2300,
2332,
2372,
2364,
2384,
2348,
2364,
2336,
2320,
2264,
2272,
2232,
2212,
2224,
2196,
2256,
2272,
2312,
2356,
2376,
2408,
2416,
2424,
2396,
2328,
2300,
2264,
2332,
2176,
2196,
2100,
2088,
2100,
2160,
2216,
2248,
2324,
2336,
2400,
2432,
2456,
2448,
2452,
2372,
2316,
2288,
2228,
2220,
2196,
2204,
2164,
2192,
2188,
2196,
2192,
2208,
2204,
2232,
2256,
2284,
2324,
2376,
2452,
2500,
2420,
2332,
2288,
2216,
2160,
2068,
2092,
2120,
2240,
2300,
2276,
2236,
2284,
2424,
2332,
2412,
2304,
2352,
2236,
2332,
2228,
2336,
2408,
2356,
2332,
2308,
2304,
2216,
2268,
2200,
2204,
2268,
2296,
2296,
2296,
2312,
2340,
2284,
2280,
2248,
2300,
2288,
2340,
2328,
2368,
2300,
2272,
2248,
2212,
2208,
2160,
2180,
2164,
2200,
2168,
2200,
2228,
2264,
2288,
2348,
2376,
2460,
2428,
2344,
2364,
2300,
2248,
2276,
2208,
2176,
2156,
2204,
2200,
2336,
2336,
2444,
2428,
2428,
2396,
2396,
2340,
2268,
2212,
2144,
2084,
2096,
2056,
2116,
2140,
2196,
2248,
2312,
2308,
2308,
2356,
2308,
2284,
2264,
2268,
2324,
2308,
2284,
2292,
2268,
2276,
2256,
2280,
2232,
2396,
2324,
2276,
2196,
2352,
2384,
2380,
2388,
2344,
2284,
2216,
2184,
2164,
2168,
2196,
2168,
2148,
2148,
2156,
2248,
2232,
2288,
2284,
2372,
2364,
2364,
2380,
2408,
2400,
2364,
2344,
2276,
2252,
2180,
2172,
2164,
2164,
2252,
2264,
2288,
2340,
2340,
2324,
2336,
2316,
2284,
2212,
2200,
2160,
2148,
2100,
2108,
2168,
2204,
2160,
2232,
2264,
2280,
2364,
2356,
2336,
2260,
2244,
2164,
2204,
2132,
2132,
2068,
2072,
2100,
2140,
2196,
2216,
2260,
2284,
2332,
2312,
2344,
2304,
2312,
2296,
2268,
2252,
2208,
2200,
2224,
2212,
2220,
2140,
2212,
2252,
2264,
2220,
2232,
2228,
2268,
2280,
2224,
2204,
2220,
2272,
2204,
2144,
2228,
2276,
2472,
2388,
2388,
2312,
2316,
2292,
2284,
2236,
2140,
2252,
2192,
2256,
2204,
2272,
2220,
2236,
2260,
2136,
2220,
2180,
2236,
2248,
2324,
2368,
2360,
2376,
2360,
2344,
2264,
2216,
2164,
2128,
2156,
2164,
2276,
2280,
2364,
2248,
2344,
2244,
2244,
2212,
2260,
2188,
2212,
2200,
2248,
2240,
2268,
2324,
2456,
2364,
2372,
2276,
2240,
2092,
2152,
2136,
2148,
2164,
2168,
2228,
2260,
2328,
2340,
2372,
2316,
2324,
2312,
2280,
2236,
2160,
2172,
2056,
2060,
2068,
2088,
2164,
2240,
2336,
2364,
2420,
2392,
2364,
2372,
2344,
2304,
2204,
2140,
2100,
2132,
2116,
2060,
2112,
2148,
2236,
2272,
2240,
2180,
2288,
2436,
2316,
2424,
2312,
2348,
2204,
2220,
2104,
2140,
2152,
2180,
2172,
2212,
2260,
2324,
2396,
2368,
2332,
2324,
2180,
2192,
2068,
2104,
2112,
2152,
2176,
2260,
2260,
2284,
2292,
2248,
2216,
2212,
2140,
2136,
2156,
2200,
2188,
2268,
2276,
2284,
2276,
2240,
2248,
2208,
2220,
2196,
2180,
2212,
2180,
2116,
2128,
2128,
2108,
2200,
2192,
2232,
2204,
2320,
2300,
2416,
2308,
2288,
2220,
2172,
2148,
2084,
2088,
2148,
2156,
2164,
2204,
2232,
2204,
2236,
2240,
2244,
2248,
2268,
2296,
2296,
2312,
2284,
2240,
2236,
2172,
2200,
2148,
2132,
2172,
2204,
2268,
2300,
2368,
2344,
2484,
2376,
2248,
2144,
2240,
2276,
2296,
2316,
2316,
2292,
2312,
2292,
2244,
2252,
2268,
2252,
2228,
2188,
2228,
2276,
2264,
2280,
2268,
2328,
2252,
2268,
2212,
2212,
2216,
2232,
2292,
2276,
2300,
2280,
2280,
2208,
2180,
2148,
2040,
2008,
2008,
1992,
2008,
2120,
2180,
2268,
2372,
2404,
2412,
2404,
2324,
2232,
2148,
2068,
1936,
1964,
1944,
2004,
2100,
2136,
2220,
2160,
2268,
2120,
2204,
2140,
2212,
2152,
2256,
2300,
2372,
2408,
2452,
2380,
2332,
2292,
2228,
2136,
2112,
2100,
2100,
2180,
2144,
2164,
2144,
2212,
2236,
2332,
2292,
2332,
2396,
2388,
2340,
2280,
2248,
2200,
2188,
2128,
2124,
2120,
2200,
2144,
2112,
2172,
2232,
2400,
2272,
2312,
2252,
2300,
2328,
2344,
2308,
2268,
2316,
2224,
2248,
2092,
2116,
2080,
2048,
2048,
2024,
2096,
2120,
2188,
2184,
2232,
2248,
2252,
2276,
2244,
2252,
2208,
2208,
2176,
2144,
2136,
2128,
2124,
2116,
2152,
2140,
2140,
2172,
2196,
2224,
2256,
2252,
2260,
2288,
2292,
2216,
2216,
2188,
2300,
2156,
2220,
2108,
2108,
2024,
2108,
2132,
2148,
2144,
2156,
2204,
2244,
2276,
2236,
2284,
2260,
2264,
2264,
2228,
2236,
2188,
2228,
2184,
2212,
2176,
2220,
2216,
2252,
2212,
2168,
2120,
2088,
2028,
2032,
2096,
2120,
2152,
2184,
2236,
2268,
2316,
2268,
2284,
2300,
2324,
2288,
2212,
2092,
2152,
2284,
2208,
2320,
2196,
2288,
2164,
2192,
2084,
2156,
2144,
2168,
2136,
2076,
2092,
2124,
2168,
2152,
2164,
2180,
2100,
2132,
2076,
2152,
2108,
2204,
2216,
2248,
2244,
2260,
2284,
2212,
2160,
2136,
2152,
2144,
2164,
2172,
2156,
2228,
2228,
2228,
2204,
2228,
2176,
2132,
2132,
2096,
2092,
2192,
2204,
2180,
2232,
2200,
2180,
2252,
2164,
2148,
2084,
2116,
2108,
2232,
2188,
2280,
2208,
2232,
2260,
2212,
2180,
2196,
2184,
2224,
2176,
2240,
2176,
2196,
2108,
2100,
2120,
2200,
2144,
2104,
2152,
2088,
2036,
2080,
2140,
2140,
2208,
2176,
2172,
2180,
2228,
2220,
2216,
2260,
2396,
2344,
2284,
2164,
2284,
2280,
2248,
2220,
2120,
1972,
2024,
1960,
1940,
2116,
2200,
2220,
2304,
2388,
2268,
2368,
2328,
2232,
2136,
2136,
1948,
1908,
1928,
1912,
1932,
2056,
2144,
2220,
2316,
2344,
2344,
2332,
2248,
2224,
2148,
2108,
2052,
2076,
2116,
2184,
2244,
2248,
2236,
2216,
2136,
2108,
2040,
2028,
2068,
2064,
2024,
2124,
2156,
2164,
2260,
2252,
2228,
2160,
2168,
2108,
2212,
2084,
2152,
2172,
2172,
2212,
2168,
2180,
2156,
2140,
2072,
2064,
2080,
2084,
2104,
2152,
2152,
2228,
2240,
2268,
2292,
2336,
2296,
2268,
2168,
2112,
2100,
2052,
1944,
1900,
1940,
1968,
2064,
2072,
2192,
2276,
2388,
2340,
2276,
2308,
2284,
2372,
2172,
2132,
2004,
2008,
2008,
2032,
2080,
2104,
2236,
2264,
2324,
2240,
2276,
2208,
2172,
2144,
2092,
2136,
2084,
2144,
2144,
2188,
2188,
2168,
2156,
2076,
2076,
2020,
2028,
2000,
2044,
2068,
2120,
2184,
2164,
2196,
2184,
2228,
2200,
2160,
2156,
2168,
2152,
2128,
2148,
2120,
2092,
2080,
2096,
2188,
2088,
2128,
2104,
2092,
2092,
2176,
2180,
2200,
2160,
2080,
2100,
2132,
2156,
2160,
2144,
2120,
2136,
2128,
2096,
2124,
2100,
2156,
2152,
2184,
2180,
2188,
2148,
2132,
2104,
2064,
2088,
2096,
2100,
2180,
2212,
2248,
2192,
2176,
2164,
2176,
2168,
2096,
2124,
2132,
2092,
2092,
2004,
1984,
1980,
2192,
2064,
2180,
2080,
2144,
2020,
2072,
1944,
2088,
2116,
2168,
2148,
2112,
2144,
2132,
2172,
2148,
2140,
2128,
2084,
2116,
2056,
2084,
2052,
2060,
2088,
2048,
2104,
2092,
2124,
2092,
2128,
2132,
2168,
2156,
2220,
2216,
2236,
2264,
2228,
2212,
2220,
2192,
2140,
2120,
2092,
2068,
2052,
2128,
2080,
1996,
2048,
2060,
2072,
2152,
2104,
2104,
2084,
2108,
2064,
2184,
2116,
2212,
2204,
2220,
2248,
2244,
2264,
2188,
2156,
2056,
2016,
1964,
1924,
1892,
1908,
1960,
1972,
2088,
2132,
2200,
2224,
2228,
2216,
2212,
2180,
2128,
2024,
1936,
1980,
1932,
1964,
1952,
2060,
2044,
2240,
2212,
2168,
2136,
2216,
2276,
2252,
2228,
2196,
2108,
2092,
2052,
2084,
2128,
2200,
2212,
2180,
2108,
2092,
2092,
2028,
2028,
1944,
2000,
1976,
2024,
2072,
2112,
2128,
2128,
2176,
2156,
2164,
2164,
2160,
2132,
2128,
2132,
2108,
2108,
2108,
2104,
2076,
2052,
2096,
2064,
2044,
2060,
2052,
2084,
2124,
2104,
2156,
2176,
2116,
2176,
2144,
2132,
2148,
2116,
2064,
1988,
1952,
1904,
2000,
1976,
2088,
2100,
2156,
2164,
2204,
2220,
2168,
2132,
2020,
2024,
1988,
2000,
1956,
1988,
2016,
2036,
2048,
2044,
2024,
2040,
2028,
2076,
1980,
2028,
2052,
2060,
2012,
1952,
1936,
1916,
1932,
1940,
1964,
2044,
2152,
2136,
2120,
2172,
2200,
2320,
2208,
2168,
2036,
2004,
1972,
1972,
1948,
1936,
2092,
2132,
2224,
2212,
2244,
2184,
2216,
2168,
2148,
2152,
2128,
2108,
2116,
2172,
2224,
2132,
2148,
2072,
2044,
2020,
2040,
2044,
2076,
2052,
2040,
2008,
1992,
1936,
1932,
1968,
2012,
2032,
2100,
2116,
2180,
2172,
2184,
2168,
2112,
2092,
2088,
2140,
2000,
2012,
1964,
1984,
1976,
2072,
2100,
2132,
2132,
2092,
2128,
2052,
2048,
1988,
1992,
1980,
2016,
2024,
2024,
2108,
2100,
2140,
2112,
2112,
2112,
2132,
2124,
2120,
2108,
2120,
2116,
2152,
2100,
2116,
2140,
2148,
2080,
2020,
2004,
2000,
2004,
1996,
2052,
2072,
2204,
2184,
2124,
2020,
2020,
2092,
2016,
2100,
2040,
2120,
2024,
2108,
2004,
2084,
2020,
2008,
1944,
1924,
1948,
2008,
2060,
2084,
2108,
2152,
2104,
2120,
2040,
2076,
2032,
2044,
2028,
2008,
2008,
2004,
2068,
2072,
2084,
2120,
2136,
2128,
2144,
2084,
2072,
2056,
1992,
2000,
1988,
1992,
2020,
2028,
2028,
2084,
2076,
2188,
2168,
2136,
2176,
2196,
2172,
2232,
2144,
2076,
1960,
1944,
1892,
1972,
1900,
2008,
1980,
2016,
2016,
2040,
2056,
2056,
2060,
2068,
2060,
2084,
2060,
2092,
2032,
2036,
2020,
2016,
2000,
2004,
2036,
2020,
1992,
2040,
2072,
2104,
2056,
2012,
2044,
2056,
2056,
2020,
2072,
2012,
2176,
2092,
2036,
1952,
2088,
2080,
2076,
2052,
1976,
1912,
1904,
1860,
1860,
1916,
2072,
2228,
2248,
2120,
2116,
2208,
2192,
2088,
1940,
1972,
2024,
2036,
1944,
1892,
1924,
1928,
1884,
1776,
1800,
1856,
1924,
1896,
1944,
2048,
2108,
2192,
2156,
2228,
2200,
2280,
2156,
2144,
2040,
2056,
1968,
1960,
1880,
1928,
1976,
2028,
1884,
1952,
1932,
1992,
2028,
2004,
1960,
1956,
1960,
1936,
2008,
1992,
2100,
2124,
2136,
2120,
2148,
2096,
2028,
1924,
1864,
1820,
1764,
1792,
1820,
1868,
1964,
2024,
2012,
2048,
2068,
2044,
1968,
1952,
1896,
1976,
2020,
2108,
2092,
2096,
2164,
2144,
2128,
2076,
2068,
2040,
2040,
1948,
1832,
1900,
1932,
2080,
2052,
2080,
2060,
2164,
2140,
2184,
2164,
2080,
2148,
2100,
2068,
1980,
2008,
1996,
2008,
1980,
1956,
2008,
1992,
2068,
2036,
2076,
2072,
2084,
2132,
2132,
2128,
2104,
2088,
2068,
2040,
1992,
1940,
1896,
1884,
1924,
1920,
1956,
2008,
2108,
2128,
2172,
2160,
2132,
2112,
2072,
1968,
1928,
1916,
2052,
1948,
2028,
2016,
2032,
2020,
2108,
2120,
2096,
2060,
2036,
2060,
2052,
2076,
1996,
1976,
1928,
1928,
1920,
1908,
1960,
1944,
2020,
2016,
2036,
2064,
2060,
2044,
2052,
1968,
1944,
1924,
1948,
1912,
1960,
1988,
2040,
2052,
2104,
2128,
2196,
2200,
2188,
2160,
2120,
2072,
1988,
1864,
1776,
1832,
2028,
1984,
2148,
2128,
2232,
2088,
2164,
1988,
2056,
2020,
1976,
1916,
1860,
1924,
1948,
2004,
2016,
2028,
2076,
2032,
2036,
1968,
2004,
1952,
1976,
1984,
2028,
2084,
2068,
2108,
2092,
2052,
2024,
1992,
1944,
1968,
1964,
1968,
2000,
2028,
2044,
2056,
2068,
2008,
2020,
2008,
2024,
2024,
2100,
2076,
2020,
2068,
2036,
1984,
2036,
1972,
1904,
1836,
1880,
1868,
2000,
1972,
2008,
2000,
1988,
2048,
2064,
2064,
2084,
2012,
1980,
1924,
1880,
1852,
1844,
1840,
1872,
1892,
1900,
1916,
1904,
1960,
1936,
1952,
1956,
2044,
2096,
2104,
2072,
2108,
2052,
2008,
1924,
1928,
1832,
1960,
1888,
1856,
1828,
2000,
2088,
2132,
2176,
2104,
2040,
1996,
1968,
1956,
1992,
2028,
2040,
1992,
1968,
1976,
1972,
1960,
1928,
1944,
1948,
1916,
1908,
1920,
1916,
1936,
1916,
1940,
1932,
1940,
1964,
1988,
1984,
2052,
2052,
2032,
2032,
1976,
1964,
1896,
1876,
1880,
1872,
1856,
1904,
1932,
1928,
1980,
1972,
2004,
1976,
1912,
1940,
1952,
1944,
2020,
2008,
2024,
1972,
1996,
1948,
2080,
1976,
2012,
1948,
1956,
1944,
1980,
1984,
2000,
2044,
2028,
2088,
2036,
2056,
1984,
1972,
1956,
1912,
1920,
1936,
1940,
1976,
1992,
2024,
2020,
2056,
2080,
2116,
2024,
1968,
1956,
1948,
1904,
1896,
1864,
1900,
2028,
1976,
1928,
1976,
2020,
2192,
2136,
2116,
2020,
2020,
1976,
1988,
1940,
1876,
1968,
1936,
1980,
1936,
1980,
1964,
1976,
1992,
1968,
2052,
2008,
2072,
2024,
2072,
2060,
2028,
2052,
1992,
1924,
1864,
1904,
1836,
1864,
1912,
1988,
2040,
2096,
2176,
2176,
2156,
2140,
2068,
2020,
1972,
1920,
1884,
1948,
1988,
2000,
2076,
2108,
2212,
2036,
2068,
1996,
2012,
1952,
2004,
2000,
2004,
1964,
1940,
1964,
1924,
1984,
1996,
2016,
1964,
2008,
2008,
2000,
2024,
1940,
1988,
1948,
1948,
1948,
1920,
1940,
1908,
1956,
1968,
2012,
1960,
1984,
1988,
2020,
1980,
1900,
1876,
1924,
1980,
2004,
1984,
2044,
2040,
2092,
2088,
1984,
1884,
1856,
2032,
1896,
2024,
1952,
2052,
1960,
2068,
1960,
2060,
2092,
2100,
2064,
1968,
2008,
1972,
2008,
1972,
1984,
2012,
1920,
1948,
1912,
1960,
1940,
1976,
1988,
2008,
2048,
2072,
2080,
2040,
2052,
2032,
2048,
1988,
1992,
1992,
1984,
1980,
1964,
1928,
1892,
1864,
1824,
1836,
1800,
1832,
1852,
1944,
1988,
1944,
2068,
2076,
2068,
2100,
2024,
1996,
1912,
1924,
1856,
1908,
1856,
1944,
1928,
1940,
1940,
1924,
1972,
1980,
1932,
1932,
1928,
1964,
1948,
1992,
1976,
1964,
1952,
1968,
1904,
1896,
1868,
1860,
1836,
1880,
1912,
1920,
1892,
1892,
1992,
2000,
2052,
2056,
2112,
2100,
2180,
2064,
1952,
1804,
1872,
1896,
1892,
1892,
1892,
1900,
1932,
1924,
1960,
1972,
2020,
1996,
1972,
1940,
1928,
2016,
1996,
2008,
1988,
1984,
1948,
1924,
1904,
1912,
1920,
1876,
1936,
1952,
1988,
1992,
2040,
2056,
2060,
2088,
2028,
2016,
2016,
2028,
1960,
1940,
1904,
1884,
1860,
1868,
1868,
1856,
1900,
1960,
2032,
2048,
2052,
2108,
2096,
2096,
2096,
2012,
1944,
1848,
1828,
1784,
1912,
1852,
1956,
1948,
1980,
1956,
1964,
1924,
1916,
1920,
1872,
1900,
1964,
2016,
2032,
2044,
2024,
2000,
1956,
1880,
1828,
1796,
1784,
1776,
1796,
1876,
1944,
1972,
1968,
1952,
1944,
1912,
1940,
1896,
1912,
1948,
2008,
2044,
1948,
2052,
1964,
2144,
1956,
1992,
1920,
2028,
1972,
2036,
1976,
1932,
1984,
1956,
1956,
1852,
1940,
1912,
1892,
1900,
1856,
1956,
1924,
1972,
1940,
1980,
1984,
1920,
1896,
1884,
1880,
1860,
1876,
1872,
1900,
1912,
1900,
1924,
1908,
1928,
1900,
1932,
1932,
1960,
1972,
1952,
1992,
1996,
2016,
2020,
1900,
1876,
1844,
1928,
1800,
1864,
1832,
1876,
1848,
1948,
1972,
1948,
1904,
1844,
1852,
1832,
1892,
1904,
1984,
2000,
2012,
2020,
1988,
2028,
1944,
1964,
1900,
1900,
1884,
1896,
1916,
1960,
1956,
1980,
1980,
1948,
1904,
1924,
1960,
1968,
1920,
1892,
1916,
1932,
1912,
1936,
1904,
1952,
1996,
1956,
1884,
1768,
1780,
1928,
1900,
2052,
1960,
2096,
1928,
1996,
1852,
1908,
1868,
1852,
1812,
1796,
1864,
1908,
1984,
2024,
2068,
2124,
2076,
2040,
1948,
1964,
1888,
1884,
1844,
1832,
1828,
1860,
1904,
1912,
1900,
1924,
1932,
1908,
1888,
1880,
1880,
1924,
1956,
1996,
2028,
2020,
2032,
2024,
1980,
1940,
1820,
1844,
1780,
1700,
1760,
1760,
1788,
1868,
1888,
1880,
1852,
1912,
1924,
2036,
1968,
2024,
2008,
1964,
1984,
1936,
1932,
1896,
1868,
1848,
1804,
1832,
1796,
1844,
1836,
1852,
1872,
1872,
1904,
1888,
1884,
1888,
1864,
1908,
1944,
1952,
1940,
1884,
1916,
1904,
1920,
1920,
1964,
1960,
2132,
2088,
1980,
1904,
2012,
2040,
2004,
2000,
1952,
1872,
1884,
1840,
1888,
1936,
1984,
2004,
2016,
1968,
1952,
1964,
1936,
1892,
1896,
1852,
1844,
1784,
1820,
1836,
1892,
1864,
1932,
1964,
2020,
2016,
2068,
1960,
1916,
1928,
1924,
1928,
1960,
1976,
2000,
2036,
1992,
1956,
1928,
1868,
1864,
1848,
1864,
1860,
1912,
1896,
1848,
1896,
1860,
1908,
1928,
1908,
1848,
1792,
1816,
1820,
1936,
1900,
1992,
1972,
2024,
2008,
1940,
1920,
1868,
1844,
1812,
1844,
1860,
1912,
1936,
2004,
2004,
2068,
2008,
1980,
1948,
1976,
1944,
1924,
1900,
1900,
1960,
1976,
1936,
1912,
1900,
1924,
1928,
1924,
1960,
1948,
2016,
1960,
1864,
1888,
1932,
2088,
1988,
1964,
1836,
1856,
1864,
1888,
1852,
1828,
1908,
1868,
1928,
1816,
1896,
1832,
1848,
1872,
1860,
1948,
1952,
2020,
2056,
2084,
2084,
2004,
2016,
1920,
1908,
1880,
1912,
1928,
1976,
1988,
2012,
2024,
1972,
1976,
1932,
1896,
1884,
1892,
1860,
1876,
1868,
1856,
1920,
1984,
1952,
1964,
1988,
2076,
1944,
1988,
1848,
1792,
1776,
1820,
1812,
1820,
1872,
1852,
1932,
1988,
2044,
2084,
2100,
2072,
2052,
1980,
1832,
1752,
1604,
1624,
1560,
1624,
1708,
1860,
1980,
2076,
2184,
2168,
2216,
2232,
2164,
2136,
2040,
1948,
1808,
1764,
1736,
1748,
1812,
1760,
1820,
1916,
2000,
1988,
2040,
1924,
1928,
2140,
2080,
2072,
2008,
2100,
1896,
1944,
1860,
1912,
1880,
1916,
1816,
1756,
1800,
1772,
1920,
1884,
1916,
2004,
1904,
1868,
1832,
1764,
1668,
1756,
1756,
1736,
1904,
1972,
1976,
2060,
2096,
2020,
2008,
1976,
1872,
1848,
1768,
1768,
1776,
1980,
2004,
2104,
2128,
2108,
2024,
1988,
1844,
1860,
1724,
1692,
1752,
1808,
1836,
1992,
2012,
2056,
2024,
2056,
2016,
2068,
1968,
2008,
1944,
1912,
1912,
1916,
1948,
1940,
1964,
1956,
1940,
1944,
1896,
1900,
1908,
1884,
1912,
1968,
2000,
2000,
2028,
1984,
1952,
1960,
1928,
1948,
1912,
1848,
1904,
1920,
1928,
1944,
1972,
1948,
2080,
1952,
1844,
1768,
1884,
1960,
1956,
1956,
1924,
1860,
1884,
1784,
1824,
1816,
1884,
1892,
1864,
1848,
1868,
1916,
1880,
1868,
1808,
1820,
1816,
1844,
1872,
1904,
1952,
2004,
2048,
2008,
2008,
1984,
1904,
1816,
1764,
1716,
1664,
1696,
1728,
1836,
1872,
1968,
2016,
2072,
2076,
2096,
2096,
2040,
2048,
2020,
2064,
1964,
1860,
1908,
1848,
1852,
1856,
1852,
1836,
1824,
1820,
1828,
1948,
1888,
1944,
1924,
1924,
1900,
1872,
1880,
1832,
1812,
1780,
1820,
1872,
1904,
1948,
1956,
1980,
1992,
1980,
1944,
1900,
1868,
1816,
1792,
1748,
1736,
1776,
1764,
1732,
1732,
1792,
1848,
1884,
1924,
1976,
2020,
2120,
2064,
1980,
2008,
1972,
2088,
1900,
1848,
1700,
1684,
1660,
1700,
1724,
1756,
1936,
2008,
2100,
2080,
2188,
2164,
2116,
2040,
1948,
1972,
1816,
1828,
1760,
1760,
1780,
1752,
1776,
1764,
1824,
1796,
1860,
1848,
1852,
1892,
1928,
1944,
1912,
1884,
1884,
1924,
1908,
1924,
1872,
1916,
1920,
1884,
1904,
1892,
1852,
1820,
1832,
1928,
1864,
1904,
1880,
1908,
1876,
2000,
1972,
1952,
1924,
1820,
1852,
1852,
1872,
1936,
2012,
2000,
2000,
1988,
1964,
1968,
1900,
1920,
1820,
1852,
1792,
1764,
1780,
1748,
1764,
1772,
1844,
1816,
1844,
1876,
1936,
1988,
1944,
1924,
1948,
1956,
1964,
1916,
1924,
1928,
1940,
1960,
1872,
1796,
1800,
1940,
1864,
1956,
1860,
1928,
1820,
1884,
1784,
1880,
1892,
1908,
1916,
1864,
1892,
1884,
1948,
1908,
1932,
1960,
1888,
1892,
1840,
1880,
1832,
1828,
1880,
1892,
1884,
1904,
1904,
1856,
1832,
1844,
1836,
1820,
1832,
1856,
1848,
1868,
1864,
1896,
1908,
1980,
2024,
2048,
2064,
2028,
2012,
1996,
1928,
1768,
1792,
1748,
1732,
1812,
1800,
1812,
1792,
1860,
1816,
1912,
1836,
1900,
1892,
1896,
1904,
1928,
1948,
1924,
1912,
1880,
1868,
1880,
1876,
1876,
1840,
1828,
1812,
1836,
1848,
1892,
1916,
1892,
1848,
1892,
1952,
1940,
1896,
1888,
1936,
1988,
1980,
1932,
1976,
1952,
2072,
1988,
1908,
1780,
1940,
1976,
2024,
1996,
1964,
1884,
1864,
1832,
1824,
1852,
1924,
1972,
1952,
1920,
1900,
1912,
1908,
1936,
1876,
1904,
1872,
1868,
1852,
1844,
1820,
1768,
1808,
1816,
1836,
1876,
1912,
1928,
1976,
2004,
2008,
1984,
1988,
1976,
1980,
2000,
1948,
1916,
1864,
1836,
1780,
1720,
1744,
1744,
1800,
1844,
1840,
1928,
1952,
2000,
2036,
2024,
1944,
1872,
1820,
1752,
1808,
1768,
1796,
1820,
1832,
1872,
1864,
1940,
1936,
1952,
1904,
1868,
1820,
1800,
1736,
1792,
1760,
1828,
1936,
1980,
2012,
1964,
1960,
1864,
1888,
1872,
1956,
1928,
1916,
1848,
1876,
1824,
1816,
1760,
1832,
1888,
2036,
2004,
1936,
2028,
1988,
2108,
1944,
1912,
1792,
1824,
1864,
1944,
1932,
1924,
2052,
1952,
1976,
1852,
1880,
1832,
1820,
1780,
1768,
1860,
1836,
1872,
1840,
1844,
1868,
1856,
1880,
1888,
1916,
1944,
1980,
1960,
2044,
2028,
2008,
1964,
1944,
1924,
1840,
1820,
1796,
1812,
1808,
1872,
1940,
2008,
2088,
2072,
1932,
1788,
1652,
1636,
1492,
1604,
1676,
1832,
2004,
2304,
2424,
2488,
2440,
2356,
2228,
2036,
1796,
1508,
1296,
1144,
1156,
1304,
1512,
1848,
2068,
2340,
2404,
2436,
2304,
2160,
1972,
1776,
1616,
1452,
1332,
1328,
1444,
1624,
1860,
2092,
2224,
2312,
2336,
2280,
2168,
2000,
1836,
1732,
1600,
1580,
1512,
1484,
1636,
1912,
1984,
2192,
2252,
2324,
2132,
2092,
1884,
1904,
1888,
1808,
1756,
1724,
1804,
1844,
1956,
1936,
1988,
2080,
2020,
2084,
1980,
1992,
1924,
1916,
1892,
1896,
1908,
1904,
1928,
1892,
1884,
1848,
1876,
1848,
1876,
1908,
1864,
1908,
1860,
1824,
1812,
1792,
1800,
1800,
1848,
1904,
1892,
1984,
1976,
1924,
1956,
1904,
1888,
1916,
1892,
1864,
1828,
1856,
1808,
1932,
1868,
1916,
1888,
1884,
1876,
1908,
1932,
1912,
1944,
1940,
1952,
1968,
1948,
1952,
1948,
1964,
1972,
1964,
1964,
1928,
1924,
1884,
1872,
1884,
1908,
1932,
1880,
1872,
1852,
1868,
1864,
1872,
1908,
1900,
2020,
1968,
1836,
1772,
1888,
2016,
2020,
2068,
2048,
1984,
1892,
1888,
1812,
1852,
1880,
1868,
1832,
1804,
1836,
1864,
1852,
1904,
1896,
1960,
1924,
1908,
1892,
1872,
1856,
1828,
1828,
1780,
1800,
1792,
1844,
1832,
1852,
1892,
1892,
1928,
1924,
1916,
1884,
1884,
1860,
1884,
1868,
1880,
1836,
1848,
1832,
1804,
1820,
1764,
1676,
1768,
1784,
1808,
1916,
1956,
1940,
1908,
1868,
1852,
1912,
1824,
1840,
1816,
1796,
1848,
1848,
1904,
1880,
1872,
1872,
1872,
1856,
1888,
1860,
1840,
1896,
1888,
1880,
1904,
1884,
1884,
1876,
1884,
1832,
1848,
1908,
1936,
1904,
1852,
1832,
1876,
1844,
1788,
1816,
1776,
1872,
1824,
1736,
1832,
1868,
2040,
1972,
1948,
1896,
1952,
1932,
1920,
1888,
1792,
1904,
1820,
1876,
1792,
1836,
1796,
1800,
1772,
1748,
1788,
1752,
1800,
1788,
1876,
1884,
1940,
1992,
1984,
1976,
1928,
1864,
1808,
1728,
1748,
1712,
1724,
1724,
1776,
1808,
1884,
1924,
1928,
1912,
1904,
1872,
1828,
1784,
1772,
1716,
1764,
1748,
1888,
1748,
1840,
1820,
1868,
1816,
1920,
1928,
1952,
1964,
1936,
1908,
1924,
1928,
1856,
1820,
1732,
1732,
1748,
1728,
1784,
1768,
1856,
1828,
1896,
1900,
1928,
1924,
1928,
1904,
1848,
1828,
1792,
1704,
1664,
1772,
1948,
1972,
1932,
1928,
1924,
2028,
1944,
1816,
1740,
1852,
1936,
1852,
1668,
1700,
1932,
1888,
1872,
1716,
1852,
1792,
1912,
1768,
1888,
1936,
1988,
1936,
1852,
1852,
1848,
1936,
1880,
1884,
1868,
1848,
1892,
1880,
1852,
1836,
1796,
1784,
1704,
1760,
1732,
1816,
1820,
1928,
1964,
2052,
2020,
2036,
2000,
1980,
1928,
1876,
1832,
1840,
1856,
1832,
1812,
1792,
1824,
1844,
1868,
1864,
1820,
1868,
1884,
1896,
1952,
1956,
1944,
1860,
1864,
1804,
1840,
1780,
1816,
1756,
1752,
1816,
1828,
1852,
1864,
1892,
1888,
1916,
1888,
1880,
1892,
1848,
1856,
1856,
1900,
1924,
1912,
1916,
1872,
1816,
1788,
1812,
1760,
1704,
1716,
1756,
1744,
1756,
1772,
1856,
1872,
2060,
2016,
1944,
1868,
2016,
2044,
2060,
2032,
2000,
1928,
1912,
1852,
1784,
1736,
1764,
1772,
1764,
1776,
1784,
1860,
1896,
1936,
1900,
1952,
1920,
1908,
1864,
1848,
1840,
1808,
1832,
1800,
1836,
1848,
1880,
1868,
1892,
1912,
1916,
1912,
1940,
1944,
1928,
1912,
1888,
1892,
1844,
1856,
1812,
1780,
1804,
1788,
1800,
1784,
1720,
1760,
1776,
1760,
1812,
1824,
1804,
1780,
1812,
1788,
1824,
1760,
1800,
1780,
1776,
1768,
1816,
1852,
1892,
1900,
1908,
1940,
1908,
1924,
1868,
1844,
1812,
1780,
1760,
1764,
1732,
1748,
1772,
1780,
1768,
1836,
1864,
1912,
1884,
1864,
1900,
1908,
1900,
1840,
1868,
1836,
1904,
1828,
1700,
1704,
1740,
1872,
1780,
1824,
1776,
1868,
1908,
1952,
1908,
1896,
1976,
1928,
1984,
1868,
1968,
1952,
2000,
1960,
1972,
1948,
1900,
1864,
1808,
1792,
1772,
1776,
1796,
1808,
1820,
1832,
1876,
1820,
1872,
1856,
1816,
1844,
1848,
1820,
1804,
1876,
1880,
1916,
1884,
1908,
1900,
1964,
1940,
1996,
1848,
1808,
1768,
1780,
1652,
1712,
1676,
1752,
1820,
1960,
1980,
1992,
1992,
1924,
1928,
1892,
1856,
1828,
1820,
1828,
1804,
1792,
1776,
1832,
1800,
1848,
1784,
1800,
1800,
1844,
1896,
1932,
1936,
1944,
1936,
1908,
1860,
1868,
1872,
1896,
1860,
1812,
1836,
1828,
1828,
1768,
1720,
1712,
1784,
1792,
1752,
1720,
1816,
1952,
1980,
2088,
2004,
2076,
1888,
1944,
1748,
1800,
1764,
1748,
1724,
1720,
1816,
1852,
1952,
1980,
2004,
2056,
1964,
1940,
1852,
1852,
1812,
1808,
1812,
1768,
1756,
1792,
1816,
1812,
1808,
1848,
1904,
1912,
1920,
1916,
1928,
1940,
1968,
1936,
1900,
1860,
1832,
1796,
1800,
1712,
1768,
1836,
1816,
1796,
1880,
1840,
1864,
2012,
2024,
1976,
1900,
1888,
1800,
1876,
1768,
1816,
1796,
1812,
1852,
1872,
1896,
1864,
1888,
1864,
1820,
1804,
1768,
1768,
1756,
1804,
1808,
1852,
1864,
1868,
1900,
1864,
1800,
1776,
1792,
1776,
1732,
1696,
1752,
1796,
1860,
1872,
1912,
1868,
1984,
1884,
1776,
1656,
1752,
1840,
1896,
1908,
1896,
1844,
1816,
1816,
1760,
1760,
1764,
1776,
1796,
1820,
1832,
1912,
1912,
1916,
1864,
1852,
1776,
1772,
1748,
1752,
1760,
1760,
1808,
1804,
1864,
1864,
1868,
1832,
1832,
1836,
1832,
1812,
1784,
1776,
1784,
1792,
1784,
1756,
1752,
1792,
1796,
1800,
1780,
1808,
1880,
1876,
1812,
1856,
1768,
1768,
1792,
1760,
1724,
1708,
1756,
1796,
1976,
1896,
1896,
1820,
1780,
1736,
1696,
1684,
1688,
1764,
1800,
1872,
1864,
1852,
1816,
1832,
1844,
1824,
1828,
1832,
1860,
1852,
1868,
1836,
1804,
1816,
1880,
1848,
1788,
1748,
1780,
1784,
1816,
1828,
1880,
1920,
2052,
1968,
1924,
1916,
1948,
2076,
1892,
1880,
1716,
1732,
1680,
1712,
1668,
1696,
1800,
1804,
1868,
1816,
1916,
1960,
1928,
1968,
1932,
1956,
1872,
1888,
1772,
1808,
1780,
1792,
1832,
1828,
1864,
1844,
1860,
1812,
1780,
1780,
1740,
1716,
1696,
1732,
1720,
1788,
1824,
1840,
1884,
1876,
1916,
1904,
1868,
1940,
1916,
1908,
1944,
1976,
1896,
1896,
1788,
1716,
1648,
1704,
1696,
1700,
1716,
1696,
1752,
1800,
1856,
1848,
1860,
1852,
1920,
1904,
1900,
1912,
1884,
1924,
1852,
1836,
1808,
1764,
1748,
1752,
1716,
1700,
1676,
1644,
1640,
1696,
1744,
1808,
1820,
1828,
1916,
1952,
1932,
1908,
1920,
1884,
1912,
1836,
1768,
1684,
1748,
1900,
1820,
1944,
1884,
1952,
1776,
1844,
1728,
1772,
1792,
1812,
1776,
1756,
1792,
1756,
1808,
1772,
1744,
1796,
1752,
1780,
1792,
1892,
1908,
1944,
1956,
1936,
1920,
1848,
1808,
1708,
1704,
1672,
1664,
1660,
1720,
1808,
1848,
1856,
1864,
1876,
1840,
1832,
1788,
1776,
1756,
1800,
1788,
1872,
1876,
1832,
1876,
1860,
1788,
1780,
1724,
1684,
1624,
1644,
1648,
1788,
1756,
1884,
1856,
1852,
1844,
1840,
1812,
1792,
1780,
1756,
1756,
1780,
1776,
1824,
1804,
1828,
1832,
1832,
1824,
1808,
1888,
1820,
1836,
1808,
1788,
1724,
1684,
1644,
1696,
1692,
1796,
1768,
1856,
1832,
1964,
1876,
1788,
1736,
1824,
1864,
1900,
1884,
1892,
1844,
1808,
1788,
1792,
1812,
1860,
1832,
1784,
1764,
1780,
1828,
1796,
1804,
1744,
1744,
1680,
1656,
1624,
1640,
1684,
1728,
1792,
1800,
1836,
1808,
1808,
1792,
1776,
1776,
1768,
1784,
1796,
1796,
1776,
1828,
1796,
1824,
1756,
1740,
1688,
1692,
1704,
1732,
1780,
1808,
1784,
1896,
1856,
1888,
1896,
1840,
1764,
1684,
1672,
1656,
1732,
1708,
1768,
1740,
1732,
1724,
1780,
1844,
1836,
1864,
1844,
1868,
1816,
1828,
1776,
1780,
1784,
1812,
1792,
1800,
1792,
1784,
1772,
1724,
1692,
1704,
1736,
1780,
1796,
1812,
1864,
1916,
1932,
1896,
1876,
1828,
1824,
1716,
1652,
1672,
1688,
1896,
1836,
1892,
1804,
1844,
1864,
1812,
1720,
1696,
1736,
1624,
1760,
1720,
1708,
1756,
1800,
1736,
1796,
1908,
1784,
1796,
1752,
1732,
1676,
1680,
1688,
1672,
1692,
1708,
1804,
1772,
1812,
1876,
1860,
1800,
1860,
1780,
1664,
1760,
1736,
1664,
1744,
1792,
1792,
1864,
1948,
1844,
1772,
1792,
1676,
1764,
1660,
1720,
1676,
1788,
1840,
2000,
2060,
2100,
2064,
1936,
1908,
1764,
1688,
1644,
1664,
1612,
1700,
1796,
1852,
1916,
1872,
1880,
1780,
1692,
1640,
1592,
1624,
1640,
1684,
1772,
1856,
1912,
1928,
1948,
1960,
1944,
1816,
1752,
1700,
1688,
1656,
1636,
1688,
1752,
1864,
1924,
1868,
1832,
1780,
1984,
1852,
1992,
1888,
1980,
1732,
1812,
1648,
1692,
1636,
1708,
1688,
1748,
1832,
1884,
1944,
1944,
1944,
1940,
1820,
1820,
1748,
1808,
1772,
1800,
1784,
1748,
1732,
1704,
1688,
1608,
1624,
1608,
1628,
1692,
1720,
1788,
1820,
1836,
1844,
1816,
1772,
1712,
1660,
1624,
1624,
1612,
1656,
1756,
1748,
1700,
1772,
1828,
1828,
1868,
1832,
1832,
1680,
1692,
1640,
1704,
1608,
1692,
1732,
1832,
1872,
1960,
1980,
2012,
1952,
1892,
1796,
1756,
1696,
1656,
1564,
1544,
1532,
1560,
1608,
1660,
1752,
1756,
1800,
1832,
1940,
1988,
1960,
1892,
1916,
1912,
1864,
1832,
1856,
1744,
1880,
1760,
1624,
1560,
1680,
1788,
1828,
1860,
1848,
1816,
1840,
1796,
1828,
1848,
1892,
1880,
1888,
1828,
1816,
1844,
1836,
1844,
1784,
1800,
1736,
1728,
1708,
1724,
1716,
1700,
1756,
1772,
1816,
1848,
1832,
1804,
1792,
1776,
1760,
1724,
1704,
1724,
1704,
1748,
1740,
1776,
1832,
1860,
1916,
1896,
1952,
1936,
2004,
1956,
1836,
1812,
1736,
1692,
1688,
1668,
1656,
1656,
1748,
1752,
1884,
1792,
1832,
1796,
1748,
1720,
1692,
1740,
1712,
1740,
1748,
1800,
1792,
1852,
1828,
1792,
1812,
1772,
1768,
1800,
1780,
1772,
1732,
1712,
1632,
1652,
1696,
1740,
1744,
1724,
1804,
1824,
1800,
1820,
1884,
1868,
1940,
1840,
1696,
1696,
1664,
1756,
1624,
1636,
1564,
1624,
1696,
1800,
1816,
1864,
1964,
2028,
2028,
1956,
1956,
1900,
1840,
1772,
1672,
1664,
1588,
1572,
1512,
1456,
1508,
1560,
1716,
1816,
1972,
1952,
2028,
1924,
1892,
1816,
1768,
1728,
1736,
1756,
1756,
1808,
1788,
1828,
1808,
1768,
1740,
1660,
1668,
1656,
1576,
1572,
1524,
1676,
1608,
1720,
1800,
1880,
1876,
2032,
2040,
1976,
1912,
1820,
1732,
1688,
1672,
1668,
1668,
1700,
1736,
1828,
1804,
1860,
1832,
1844,
1740,
1704,
1632,
1596,
1600,
1576,
1620,
1644,
1692,
1728,
1764,
1836,
1956,
2044,
2032,
2000,
1960,
1908,
1876,
1748,
1724,
1672,
1708,
1628,
1592,
1468,
1592,
1772,
1780,
1932,
1948,
2048,
1916,
1956,
1780,
1824,
1776,
1740,
1660,
1612,
1680,
1680,
1784,
1796,
1896,
1940,
1896,
1892,
1780,
1780,
1712,
1696,
1700,
1668,
1684,
1684,
1732,
1696,
1740,
1696,
1740,
1724,
1736,
1756,
1788,
1816,
1816,
1868,
1848,
1860,
1828,
1784,
1752,
1732,
1676,
1696,
1684,
1616,
1676,
1684,
1708,
1760,
1752,
1692,
1652,
1708,
1656,
1800,
1760,
1828,
1828,
1868,
1912,
1888,
1848,
1796,
1788,
1752,
1688,
1668,
1664,
1688,
1684,
1724,
1752,
1776,
1748,
1764,
1772,
1776,
1720,
1736,
1800,
1812,
1780,
1724,
1736,
1720,
1720,
1684,
1704,
1664,
1800,
1780,
1668,
1620,
1768,
1832,
1916,
1956,
1912,
1884,
1844,
1756,
1724,
1736,
1768,
1756,
1764,
1752,
1764,
1820,
1792,
1816,
1784,
1820,
1756,
1796,
1752,
1784,
1796,
1780,
1808,
1768,
1776,
1764,
1756,
1772,
1788,
1832,
1840,
1860,
1856,
1884,
1840,
1856,
1884,
1872,
1840,
1812,
1752,
1692,
1684,
1664,
1700,
1768,
1784,
1880,
1884,
1916,
1912,
1860,
1788,
1708,
1668,
1644,
1700,
1668,
1716,
1696,
1684,
1700,
1732,
1792,
1792,
1804,
1796,
1780,
1808,
1780,
1756,
1756,
1744,
1732,
1752,
1724,
1668,
1652,
1640,
1620,
1604,
1688,
1756,
1828,
1800,
1808,
1852,
1888,
1864,
1788,
1776,
1720,
1792,
1684,
1604,
1644,
1700,
1876,
1820,
1832,
1776,
1784,
1768,
1804,
1736,
1720,
1760,
1708,
1784,
1728,
1808,
1768,
1812,
1804,
1784,
1832,
1772,
1792,
1748,
1776,
1768,
1744,
1744,
1724,
1748,
1748,
1760,
1764,
1776,
1808,
1816,
1856,
1868,
1868,
1864,
1848,
1860,
1812,
1800,
1736,
1696,
1640,
1644,
1636,
1620,
1600,
1664,
1812,
1720,
1776,
1772,
1756,
1732,
1840,
1848,
1864,
1876,
1828,
1848,
1816,
1820,
1784,
1764,
1680,
1644,
1644,
1624,
1624,
1608,
1656,
1612,
1708,
1700,
1776,
1820,
1836,
1852,
1864,
1840,
1816,
1748,
1732,
1752,
1728,
1664,
1584,
1616,
1624,
1708,
1740,
1808,
1916,
2032,
2056,
1952,
1828,
1816,
1920,
1772,
1836,
1704,
1788,
1704,
1792,
1684,
1780,
1824,
1836,
1812,
1752,
1796,
1768,
1832,
1792,
1796,
1808,
1720,
1764,
1708,
1724,
1704,
1740,
1764,
1820,
1856,
1844,
1836,
1800,
1812,
1792,
1800,
1780,
1824,
1844,
1860,
1856,
1844,
1844,
1844,
1844,
1844,
1796,
1780,
1792,
1756,
1800,
1792,
1744,
1840,
1840,
1828,
1900,
1852,
1824,
1748,
1744,
1708,
1728,
1660,
1760,
1812,
1808,
1816,
1756,
1768,
1704,
1680,
1620,
1652,
1664,
1696,
1736,
1752,
1772,
1768,
1828,
1844,
1844,
1832,
1804,
1780,
1772,
1804,
1780,
1744,
1752,
1784,
1780,
1764,
1704,
1704,
1644,
1744,
1624,
1548,
1480,
1628,
1748,
1808,
1856,
1880,
1868,
1872,
1812,
1744,
1692,
1692,
1644,
1636,
1636,
1680,
1812,
1868,
1912,
1892,
1900,
1852,
1828,
1752,
1764,
1784,
1744,
1844,
1924,
2016,
2060,
2036,
1936,
1848,
1776,
1616,
1572,
1512,
1508,
1496,
1560,
1604,
1700,
1780,
1868,
1916,
1960,
2004,
2020,
2004,
1956,
1840,
1816,
1744,
1680,
1656,
1672,
1636,
1604,
1632,
1616,
1692,
1660,
1728,
1704,
1728,
1720,
1716,
1768,
1756,
1744,
1720,
1732,
1756,
1812,
1804,
1820,
1812,
1844,
1804,
1844,
1812,
1820,
1800,
1800,
1784,
1772,
1776,
1776,
1720,
1680,
1672,
1756,
1768,
1796,
1832,
1852,
1924,
1836,
1800,
1824,
1824,
1960,
1816,
1812,
1704,
1736,
1744,
1796,
1776,
1768,
1896,
1836,
1900,
1796,
1832,
1772,
1736,
1748,
1720,
1780,
1780,
1848,
1812,
1848,
1832,
1808,
1788,
1772,
1752,
1736,
1740,
1724,
1724,
1736,
1720,
1720,
1700,
1744,
1724,
1788,
1792,
1792,
1768,
1736,
1716,
1688,
1728,
1736,
1720,
1744,
1764,
1884,
1772,
1804,
1756,
1760,
1724,
1804,
1836,
1836,
1852,
1804,
1832,
1772,
1728,
1708,
1724,
1660,
1720,
1728,
1748,
1848,
1872,
1884,
1840,
1892,
1808,
1760,
1752,
1652,
1600,
1516,
1592,
1628,
1752,
1788,
1952,
1980,
1996,
1868,
1832,
1724,
1696,
1592,
1620,
1664,
1796,
1784,
1792,
1700,
1740,
1916,
1824,
1916,
1832,
1896,
1744,
1768,
1676,
1720,
1716,
1760,
1744,
1732,
1812,
1808,
1876,
1852,
1876,
1868,
1808,
1800,
1756,
1816,
1784,
1808,
1808,
1804,
1824,
1808,
1804,
1764,
1804,
1788,
1828,
1852,
1844,
1884,
1884,
1876,
1880,
1836,
1820,
1804,
1792,
1768,
1768,
1788,
1784,
1888,
1856,
1812,
1828,
1808,
1756,
1768,
1732,
1692,
1620,
1672,
1660,
1804,
1756,
1800,
1788,
1796,
1808,
1764,
1764,
1780,
1796,
1788,
1792,
1776,
1764,
1748,
1700,
1728,
1704,
1736,
1740,
1760,
1792,
1764,
1736,
1728,
1772,
1788,
1696,
1676,
1708,
1748,
1812,
1796,
1844,
1836,
1940,
1852,
1720,
1640,
1728,
1784,
1832,
1872,
1864,
1804,
1800,
1776,
1764,
1776,
1824,
1808,
1768,
1740,
1716,
1784,
1740,
1788,
1788,
1812,
1808,
1804,
1776,
1800,
1820,
1796,
1812,
1780,
1776,
1756,
1768,
1736,
1764,
1796,
1804,
1812,
1796,
1748,
1732,
1736,
1696,
1672,
1680,
1736,
1772,
1812,
1824,
1812,
1848,
1848,
1748,
1780,
1720,
1696,
1728,
1692,
1732,
1820,
1980,
1992,
2024,
1960,
2020,
1980,
1844,
1692,
1756,
1844,
1832,
1756,
1652,
1708,
1688,
1672,
1584,
1564,
1648,
1728,
1768,
1824,
1828,
1916,
1932,
1908,
1816,
1888,
1880,
1860,
1732,
1688,
1652,
1668,
1628,
1576,
1620,
1692,
1760,
1728,
1680,
1776,
1832,
2000,
1856,
1872,
1732,
1796,
1732,
1812,
1780,
1888,
1940,
1916,
1944,
1876,
1888,
1808,
1808,
1788,
1728,
1748,
1652,
1676,
1596,
1628,
1636,
1640,
1680,
1760,
1820,
1852,
1920,
1900,
1932,
1904,
1908,
1844,
1780,
1728,
1684,
1660,
1652,
1684,
1692,
1712,
1708,
1708,
1756,
1796,
1804,
1816,
1872,
1944,
1848,
1884,
1828,
1804,
1732,
1812,
1792,
1800,
1796,
1748,
1720,
1708,
1704,
1640,
1636,
1584,
1640,
1704,
1716,
1768,
1760,
1848,
1796,
1856,
1816,
1820,
1832,
1836,
1840,
1840,
1824,
1776,
1760,
1756,
1736,
1780,
1712,
1692,
1736,
1792,
1812,
1808,
1872,
1892,
1968,
1920,
1884,
1732,
1756,
1912,
1832,
1916,
1876,
1964,
1828,
1892,
1732,
1768,
1756,
1756,
1720,
1700,
1704,
1736,
1848,
1840,
1828,
1864,
1800,
1808,
1748,
1812,
1752,
1776,
1764,
1760,
1776,
1784,
1820,
1812,
1848,
1852,
1924,
1928,
1980,
1928,
1884,
1832,
1796,
1728,
1684,
1660,
1628,
1644,
1656,
1676,
1696,
1792,
1780,
1768,
1824,
1836,
1836,
1864,
1812,
1748,
1680,
1676,
1600,
1700,
1624,
1708,
1672,
1688,
1740,
1804,
1800,
1800,
1812,
1772,
1736,
1724,
1704,
1692,
1640,
1648,
1704,
1752,
1780,
1828,
1880,
1884,
1860,
1828,
1840,
1788,
1716,
1648,
1664,
1668,
1704,
1736,
1800,
1828,
1996,
1960,
1888,
1804,
1856,
1900,
1912,
1836,
1804,
1748,
1752,
1732,
1760,
1816,
1920,
1872,
1836,
1768,
1724,
1732,
1692,
1716,
1708,
1784,
1808,
1832,
1856,
1860,
1840,
1756,
1728,
1668,
1648,
1592,
1704,
1748,
1784,
1852,
1872,
1836,
1796,
1776,
1680,
1684,
1672,
1676,
1700,
1688,
1704,
1740,
1748,
1740,
1800,
1796,
1728,
1848,
1808,
1824,
1836,
1832,
1816,
1788,
1856,
1824,
1920,
1808,
1828,
1728,
1632,
1588,
1588,
1604,
1564,
1620,
1596,
1744,
1828,
1944,
1980,
1972,
1928,
1876,
1800,
1732,
1680,
1672,
1680,
1696,
1676,
1708,
1772,
1820,
1792,
1756,
1696,
1716,
1684,
1616,
1620,
1612,
1728,
1756,
1744,
1848,
1936,
2136,
1988,
1988,
1800,
1736,
1596,
1588,
1520,
1520,
1712,
1720,
1896,
1880,
1992,
1972,
1972,
1900,
1796,
1796,
1684,
1704,
1652,
1656,
1684,
1676,
1716,
1720,
1756,
1756,
1828,
1844,
1876,
1920,
1932,
1964,
1924,
1860,
1724,
1716,
1664,
1648,
1640,
1640,
1744,
1756,
1796,
1860,
1824,
1812,
1816,
1880,
1740,
1760,
1676,
1628,
1592,
1660,
1680,
1720,
1796,
1772,
1860,
1924,
2016,
2044,
2116,
2052,
2028,
1972,
1876,
1788,
1672,
1616,
1544,
1548,
1572,
1604,
1664,
1680,
1736,
1772,
1860,
1884,
1928,
1964,
2052,
2024,
1936,
1852,
1808,
1764,
1744,
1628,
1656,
1624,
1692,
1692,
1652,
1560,
1656,
1832,
1768,
1860,
1832,
1892,
1756,
1804,
1688,
1764,
1764,
1780,
1708,
1716,
1716,
1724,
1784,
1732,
1732,
1716,
1676,
1692,
1672,
1740,
1772,
1812,
1848,
1872,
1876,
1900,
1900,
1816,
1796,
1784,
1756,
1720,
1704,
1680,
1672,
1696,
1700,
1688,
1708,
1764,
1796,
1796,
1772,
1756,
1724,
1728,
1684,
1612,
1716,
1724,
1760,
1832,
1816,
1812,
1752,
1784,
1740,
1840,
1728,
1824,
1756,
1748,
1740,
1736,
1708,
1684,
1700,
1708,
1724,
1736,
1764,
1796,
1788,
1812,
1812,
1812,
1808,
1736,
1748,
1676,
1680,
1668,
1732,
1748,
1700,
1668,
1716,
1712,
1732,
1720,
1780,
1808,
1972,
1892,
1804,
1720,
1820,
1860,
1848,
1816,
1736,
1660,
1620,
1600,
1576,
1584,
1700,
1756,
1828,
1820,
1840,
1876,
1872,
1860,
1764,
1740,
1700,
1664,
1652,
1684,
1760,
1680,
1764,
1832,
1812,
1804,
1904,
1768,
1696,
1748,
1688,
1588,
1600,
1588,
1560,
1596,
1644,
1716,
1736,
1848,
1888,
1948,
1952,
2004,
1976,
1868,
1764,
1748,
1556,
1564,
1644,
1572,
1600,
1736,
1788,
1848,
2084,
1972,
1964,
1948,
1820,
1668,
1624,
1604,
1552,
1616,
1688,
1732,
1816,
1940,
1952,
1912,
1884,
1816,
1780,
1752,
1740,
1748,
1784,
1828,
1828,
1856,
1876,
1808,
1668,
1616,
1548,
1524,
1516,
1548,
1648,
1736,
1940,
1940,
1932,
1972,
1972,
2048,
1864,
1788,
1628,
1624,
1620,
1676,
1652,
1600,
1728,
1672,
1724,
1656,
1728,
1700,
1744,
1748,
1732,
1844,
1828,
1848,
1860,
1872,
1844,
1820,
1808,
1788,
1768,
1684,
1664,
1628,
1632,
1632,
1620,
1616,
1660,
1704,
1704,
1736,
1760,
1788,
1820,
1832,
1828,
1780,
1788,
1796,
1704,
1724,
1688,
1692,
1676,
1764,
1772,
1772,
1752,
1672,
1640,
1656,
1688,
1728,
1768,
1880,
1872,
1944,
1960,
1900,
1760,
1728,
1572,
1528,
1512,
1540,
1600,