1760,
1580,
1620,
1584,
1552,
1400,
1452,
1516,
1604,
1612,
1632,
1716,
1780,
1776,
1728,
1724,
1708,
1740,
1700,
1708,
1776,
1804,
1908,
1844,
1848,
1804,
1796,
1708,
1588,
1480,
1436,
1436,
1476,
1460,
1448,
1556,
1596,
1616,
1700,
1688,
1696,
1628,
1668,
1616,
1764,
1712,
1756,
1720,
1736,
1752,
1744,
1752,
1692,
1672,
1700,
1664,
1676,
1724,
1668,
1636,
1664,
1700,
1708,
1724,
1660,
1632,
1592,
1600,
1604,
1564,
1636,
1644,
1744,
1768,
1764,
1696,
1692,
1708,
1712,
1688,
1604,
1672,
1656,
1748,
1640,
1528,
1480,
1476,
1540,
1480,
1612,
1572,
1732,
1660,
1800,
1768,
1864,
1816,
1836,
1780,
1688,
1696,
1636,
1660,
1652,
1676,
1656,
1696,
1724,
1732,
1748,
1688,
1688,
1636,
1628,
1556,
1624,
1576,
1672,
1668,
1724,
1760,
1820,
1816,
1820,
1824,
1748,
1732,
1660,
1584,
1560,
1516,
1532,
1496,
1536,
1720,
1656,
1744,
1732,
1724,
1728,
1768,
1776,
1716,
1724,
1620,
1660,
1612,
1628,
1592,
1600,
1636,
1732,
1744,
1740,
1736,
1684,
1628,
1528,
1464,
1412,
1452,
1516,
1600,
1712,
1788,
1864,
1888,
1912,
1808,
1800,
1700,
1688,
1676,
1680,
1656,
1696,
1716,
1728,
1700,
1660,
1648,
1716,
1684,
1628,
1520,
1540,
1516,
1596,
1660,
1732,
1788,
1852,
1920,
1892,
1916,
1820,
1776,
1688,
1596,
1568,
1500,
1548,
1552,
1588,
1584,
1620,
1644,
1680,
1688,
1724,
1740,
1744,
1736,
1724,
1688,
1684,
1636,
1628,
1612,
1628,
1584,
1628,
1636,
1680,
1656,
1724,
1716,
1736,
1720,
1692,
1612,
1596,
1524,
1664,
1540,
1632,
1600,
1644,
1640,
1744,
1720,
1716,
1648,
1552,
1528,
1488,
1524,
1488,
1516,
1496,
1600,
1732,
1848,
1960,
2004,
1992,
1928,
1848,
1752,
1696,
1632,
1584,
1572,
1564,
1580,
1612,
1612,
1640,
1588,
1608,
1592,
1660,
1672,
1724,
1748,
1744,
1828,
1776,
1744,
1616,
1724,
1596,
1544,
1608,
1480,
1520,
1572,
1692,
1504,
1612,
1580,
1640,
1600,
1672,
1584,
1632,
1644,
1724,
1764,
1752,
1800,
1808,
1628,
1652,
1536,
1420,
1452,
1540,
1480,
1616,
1780,
1728,
1812,
1888,
1832,
1768,
1752,
1628,
1568,
1608,
1580,
1612,
1664,
1756,
1728,
1780,
1792,
1724,
1652,
1580,
1536,
1568,
1532,
1496,
1556,
1624,
1672,
1812,
1808,
1816,
1780,
1776,
1680,
1716,
1608,
1612,
1536,
1580,
1572,
1640,
1736,
1756,
1748,
1784,
1740,
1716,
1676,
1652,
1584,
1608,
1588,
1624,
1640,
1644,
1692,
1676,
1712,
1680,
1632,
1632,
1592,
1652,
1700,
1760,
1580,
1620,
1584,
1552,
1400,
1452,
1516,
1604,
1612,
1632,
1716,
1780,
1776,
1728,
1724,
1708,
1740,
1700,
1708,
1776,
1804,
1908,
1844,
1848,
1804,
1796,
1708,
1588,
1480,
1436,
1436,
1476,
1460,
1448,
1556,
1596,
1616,
1700,
1688,
1696,
1628,
1668,
1616,
1764,
1712,
1756,
1720,
1736,
1752,
1744,
1752,
1692,
1672,
1700,
1664,
1676,
1724,
1668,
1636,
1664,
1700,
1708,
1724,
1660,
1632,
1592,
1600,
1604,
1564,
1636,
1644,
1744,
1768,
1764,
1696,
1692,
1708,
1712,
1688,
1604,
1672,
1656,
1748,
1640,
1528,
1480,
1476,
1540,
1480,
1612,
1572,
1732,
1660,
1800,
1768,
1864,
1816,
1836,
1780,
1688,
1696,
1636,
1660,
1652,
1676,
1656,
1696,
1724,
1732,
1748,
1688,
1688,
1636,
1628,
1556,
1624,
1576,
1672,
1668,
1724,
1760,
1820,
1816,
1820,
1824,
1748,
1732,
1660,
1584,
1560,
1516,
1532,
1496,
1536,
1720,
1656,
1744,
1732,
1724,
1728,
1768,
1776,
1716,
1724,
1620,
1660,
1612,
1628,
1592,
1600,
1636,
1732,
1744,
1740,
1736,
1684,
1628,
1528,
1464,
1412,
1452,
1516,
1600,
1712,
1788,
1864,
1888,
1912,
1808,
1800,
1700,
1688,
1676,
1680,
1656,
1696,
1716,
1728,
1700,
1660,
1648,
1716,
1684,
1628,
1520,
1540,
1516,
1596,
1660,
1732,
1788,
1852,
1920,
1892,
1916,
1820,
1776,
1688,
1596,
1568,
1500,
1548,
1552,
1588,
1584,
1620,
1644,
1680,
1688,
1724,
1740,
1744,
1736,
1724,
1688,
1684,
1636,
1628,
1612,
1628,
1584,
1628,
1636,
1680,
1656,
1724,
1716,
1736,
1720,
1692,
1612,
1596,
1524,
1664,
1540,
1632,
1600,
1644,
1640,
1744,
1720,
1716,
1648,
1552,
1528,
1488,
1524,
1488,
1516,
1496,
1600,
1732,
1848,
1960,
2004,
1992,
1928,
1848,
1752,
1696,
1632,
1584,
1572,
1564,
1580,
1612,
1612,
1640,
1588,
1608,
1592,
1660,
1672,
1724,
1748,
1744,
1828,
1776,
1744,
1616,
1724,
1596,
1544,
1608,
1480,
1520,
1572,
1692,
1504,
1612,
1580,
1640,
1600,
1672,
1584,
1632,
1644,
1724,
1764,
1752,
1800,
1808,
1628,
1652,
1536,
1420,
1452,
1540,
1480,
1616,
1780,
1728,
1812,
1888,
1832,
1768,
1752,
1628,
1568,
1608,
1580,
1612,
1664,
1756,
1728,
1780,
1792,
1724,
1652,
1580,
1536,
1568,
1532,
1496,
1556,
1624,
1672,
1812,
1808,
1816,
1780,
1776,
1680,
1716,
1608,
1612,
1536,
1580,
1572,
1640,
1736,
1756,
1748,
1784,
1740,
1716,
1676,
1652,
1584,
1608,
1588,
1624,
1640,
1644,
1692,
1676,
1712,
1680,
1632,
1632,
1592,
1652,
1700,
1760,
1580,
1620,
1584,
1552,
1400,
1452,
1516,
1604,
1612,
1632,
1716,
1780,
1776,
1728,
1724,
1708,
1740,
1700,
1708,
1776,
1804,
1908,
1844,
1848,
1804,
1796,
1708,
1588,
1480,
1436,
1436,
1476,
1460,
1448,
1556,
1596,
1616,
1700,
1688,
1696,
1628,
1668,
1616,
1764,
1712,
1756,
1720,
1736,
1752,
1744,
1752,
1692,
1672,
1700,
1664,
1676,
1724,
1668,
1636,
1664,
1700,
1708,
1724,
1660,
1632,
1592,
1600,
1604,
1564,
1636,
1644,
1744,
1768,
1764,
1696,
1692,
1708,
1712,
1688,
1604,
1672,
1656,
1748,
1640,
1528,
1480,
1476,
1540,
1480,
1612,
1572,
1732,
1660,
1800,
1768,
1864,
1816,
1836,
1780,
1688,
1696,
1636,
1660,
1652,
1676,
1656,
1696,
1724,
1732,
1748,
1688,
1688,
1636,
1628,
1556,
1624,
1576,
1672,
1668,
1724,
1760,
1820,
1816,
1820,
1824,
1748,
1732,
1660,
1584,
1560,
1516,
1532,
1496,
1536,
1720,
1656,
1744,
1732,
1724,
1728,
1768,
1776,
1716,
1724,
1620,
1660,
1612,
1628,
1592,
1600,
1636,
1732,
1744,
1740,
1736,
1684,
1628,
1528,
1464,
1412,
1452,
1516,
1600,
1712,
1788,
1864,
1888,
1912,
1808,
1800,
1700,
1688,
1676,
1680,
1656,
1696,
1716,
1728,
1700,
1660,
1648,
1716,
1684,
1628,
1520,
1540,
1516,
1596,
1660,
1732,
1788,
1852,
1920,
1892,
1916,
1820,
1776,
1688,
1596,
1568,
1500,
1548,
1552,
1588,
1584,
1620,
1644,
1680,
1688,
1724,
1740,
1744,
1736,
1724,
1688,
1684,
1636,
1628,
1612,
1628,
1584,
1628,
1636,
1680,
1656,
1724,
1716,
1736,
1720,
1692,
1612,
1596,
1524,
1664,
1540,
1632,
1600,
1644,
1640,
1744,
1720,
1716,
1648,
1552,
1528,
1488,
1524,
1488,
1516,
1496,
1600,
1732,
1848,
1960,
2004,
1992,
1928,
1848,
1752,
1696,
1632,
1584,
1572,
1564,
1580,
1612,
1612,
1640,
1588,
1608,
1592,
1660,
1672,
1724,
1748,
1744,
1828,
1776,
1744,
1616,
1724,
1596,
1544,
1608,
1480,
1520,
1572,
1692,
1504,
1612,
1580,
1640,
1600,
1672,
1584,
1632,
1644,
1724,
1764,
1752,
1800,
1808,
1628,
1652,
1536,
1420,
1452,
1540,
1480,
1616,
1780,
1728,
1812,
1888,
1832,
1768,
1752,
1628,
1568,
1608,
1580,
1612,
1664,
1756,
1728,
1780,
1792,
1724,
1652,
1580,
1536,
1568,
1532,
1496,
1556,
1624,
1672,
1812,
1808,
1816,
1780,
1776,
1680,
1716,
1608,
1612,
1536,
1580,
1572,
1640,
1736,
1756,
1748,
1784,
1740,
1716,
1676,
1652,
1584,
1608,
1588,
1624,
1640,
1644,
1692,
1676,
1712,
1680,
1632,
1632,
1592,
1652,
1700,
1748,
1752,
1792,
1784,
1760,
1800,
1692,
1656,
1596,
1676,
1652,
1848,
2332,
2856,
3572,
4164,
4880,
5176,
5544,
5556,
5620,
5420,
5360,
5228,
5140,
5120,
5120,
5196,
5316,
5408,
5548,
5640,
5692,
5672,
5712,
5632,
5584,
5524,
5408,
5320,
5268,
5216,
5188,
5196,
5212,
5264,
5340,
5336,
5364,
5360,
5384,
5376,
5364,
5444,
5428,
5468,
5444,
5468,
5384,
5300,
5292,
5356,
5220,
5216,
5240,
5272,
5316,
5408,
5508,
5484,
5532,
5464,
5492,
5392,
5396,
5260,
5232,
5220,
5232,
5252,
5268,
5288,
5344,
5420,
5412,
5424,
5448,
5428,
5320,
5292,
5196,
5152,
5120,
5104,
5168,
5116,
5204,
5256,
5380,
5428,
5468,
5492,
5508,
5452,
5448,
5380,
5228,
5124,
5116,
5044,
5036,
4940,
5020,
5088,
5232,
5364,
5436,
5464,
5464,
5488,
5404,
5356,
5268,
5208,
5288,
5144,
5168,
5088,
5168,
5072,
5248,
5244,
5352,
5368,
5400,
5428,
5400,
5400,
5316,
5260,
5216,
5236,
5204,
5252,
5272,
5252,
5260,
5236,
5248,
5196,
5172,
5144,
5124,
5128,
5124,
5112,
5168,
5160,
5212,
5240,
5380,
5304,
5340,
5308,
5292,
5216,
5236,
5176,
5156,
5092,
5024,
5084,
5076,
5128,
5128,
5160,
5156,
5164,
5204,
5176,
5232,
5176,
5256,
5208,
5224,
5236,
5252,
5252,
5224,
5180,
5172,
5160,
5144,
5112,
5132,
5116,
5180,
5164,
5224,
5244,
5252,
5224,
5212,
5220,
5196,
5164,
5112,
5128,
5148,
5184,
5188,
5084,
5172,
5144,
5268,
5132,
5216,
5088,
5184,
5196,
5196,
5160,
5172,
5216,
5204,
5248,
5180,
5204,
5252,
5188,
5236,
5160,
5160,
5092,
5076,
5004,
4932,
4912,
4900,
4944,
4944,
5060,
5152,
5236,
5288,
5288,
5320,
5276,
5240,
5160,
5108,
5000,
5000,
4908,
4888,
4900,
4936,
4924,
5060,
5076,
5016,
5112,
5136,
5128,
5224,
5160,
5124,
5052,
5072,
4952,
5064,
4976,
5032,
4992,
5012,
4996,
4988,
5020,
4976,
4968,
4964,
4964,
5048,
5124,
5236,
5280,
5340,
5340,
5296,
5172,
5104,
5028,
4976,
4892,
4872,
4808,
4828,
4800,
4888,
4996,
5052,
5092,
5172,
5184,
5180,
5124,
4996,
4992,
4960,
5000,
4944,
4820,
4892,
4844,
5020,
5008,
5212,
5112,
5232,
5084,
5104,
4924,
4928,
4844,
4840,
4844,
4852,
4884,
4984,
5016,
5056,
5096,
5116,
5112,
5112,
5048,
5032,
5032,
5028,
5028,
5000,
4980,
4972,
5004,
4932,
4980,
4924,
4984,
4968,
4992,
4984,
4980,
4920,
4936,
4948,
4976,
4972,
5004,
4936,
4904,
4856,
4960,
4864,
4928,
4900,
4952,
4984,
5072,
5132,
5132,
5068,
4992,
4968,
4952,
4940,
4868,
4876,
4868,
4936,
4880,
4928,
4896,
4892,
4900,
4860,
4856,
4892,
4912,
4952,
4976,
4996,
5000,
4996,
4992,
4988,
4948,
4976,
4944,
4956,
4972,
5024,
4972,
4980,
4916,
4920,
4884,
4860,
4852,
4972,
4940,
4936,
4844,
4860,
4828,
4864,
4860,
4928,
4936,
5000,
4944,
4844,
4760,
4624,
4620,
4624,
4608,
4760,
4880,
5116,
5160,
5304,
5264,
5336,
5272,
5160,
4952,
4776,
4568,
4372,
4312,
4372,
4600,
4884,
5144,
5364,
5456,
5464,
5332,
5148,
4924,
4748,
4588,
4448,
4384,
4396,
4520,
4732,
4888,
5116,
5284,
5536,
5404,
5356,
5172,
4968,
4748,
4700,
4548,
4480,
4448,
4444,
4564,
4652,
4804,
4952,
5052,
5092,
5156,
5136,
5036,
4992,
4836,
4756,
4692,
4612,
4604,
4652,
4708,
4776,
4836,
4856,
4856,
4828,
4792,
4776,
4684,
4660,
4648,
4700,
4752,
4828,
4844,
4880,
4888,
4864,
4868,
4836,
4840,
4832,
4808,
4792,
4668,
4728,
4644,
4816,
4756,
4892,
4824,
4920,
4872,
4872,
4828,
4768,
4848,
4824,
4828,
4776,
4816,
4808,
4748,
4828,
4768,
4796,
4756,
4768,
4736,
4724,
4732,
4692,
4700,
4696,
4716,
4708,
4748,
4800,
4812,
4836,
4824,
4832,
4792,
4796,
4756,
4756,
4776,
4760,
4728,
4780,
4712,
4724,
4700,
4568,
4600,
4576,
4556,
4656,
4576,
4628,
4612,
4780,
4764,
4904,
4772,
4824,
4696,
4748,
4684,
4716,
4720,
4796,
4748,
4740,
4672,
4640,
4604,
4584,
4568,
4616,
4624,
4636,
4652,
4688,
4760,
4728,
4752,
4752,
4704,
4732,
4724,
4732,
4772,
4728,
4724,
4716,
4700,
4676,
4668,
4588,
4616,
4644,
4768,
4692,
4640,
4644,
4636,
4736,
4608,
4772,
4636,
4772,
4668,
4772,
4684,
4740,
4724,
4696,
4664,
4600,
4628,
4596,
4592,
4604,
4608,
4620,
4664,
4696,
4676,
4680,
4700,
4688,
4688,
4680,
4668,
4660,
4684,
4636,
4620,
4604,
4584,
4604,
4644,
4688,
4716,
4744,
4744,
4720,
4736,
4720,
4712,
4676,
4620,
4644,
4732,
4628,
4632,
4620,
4568,
4600,
4636,
4664,
4656,
4708,
4636,
4712,
4680,
4700,
4644,
4636,
4580,
4580,
4552,
4516,
4524,
4508,
4532,
4536,
4560,
4576,
4612,
4632,
4632,
4636,
4616,
4628,
4600,
4628,
4572,
4612,
4608,
4616,
4632,
4628,
4548,
4572,
4528,
4572,
4544,
4496,
4536,
4660,
4720,
4744,
4648,
4648,
4644,
4692,
4680,
4664,
4616,
4600,
4568,
4564,
4588,
4532,
4580,
4592,
4556,
4524,
4524,
4516,
4468,
4528,
4516,
4524,
4564,
4560,
4564,
4612,
4620,
4584,
4584,
4536,
4524,
4512,
4492,
4504,
4484,
4504,
4452,
4468,
4452,
4500,
4504,
4484,
4536,
4528,
4508,
4596,
4588,
4600,
4576,
4740,
4596,
4640,
4544,
4504,
4460,
4536,
4552,
4520,
4548,
4532,
4604,
4576,
4600,
4560,
4552,
4488,
4496,
4492,
4460,
4524,
4520,
4580,
4536,
4540,
4560,
4544,
4560,
4452,
4416,
4356,
4380,
4440,
4540,
4552,
4504,
4524,
4492,
4520,
4496,
4516,
4484,
4496,
4520,
4520,
4472,
4436,
4476,
4456,
4452,
4468,
4300,
4428,
4380,
4552,
4428,
4532,
4440,
4584,
4488,
4532,
4420,
4392,
4420,
4364,
4408,
4368,
4388,
4440,
4444,
4496,
4464,
4536,
4540,
4560,
4512,
4532,
4508,
4464,
4452,
4404,
4392,
4352,
4312,
4328,
4388,
4444,
4444,
4484,
4492,
4512,
4468,
4440,
4388,
4364,
4352,
4380,
4352,
4424,
4432,
4344,
4368,
4332,
4292,
4384,
4332,
4380,
4308,
4376,
4348,
4460,
4432,
4524,
4504,
4504,
4508,
4476,
4480,
4440,
4396,
4408,
4380,
4392,
4384,
4412,
4400,
4440,
4400,
4396,
4368,
4348,
4356,
4332,
4356,
4364,
4368,
4456,
4472,
4516,
4552,
4500,
4444,
4420,
4384,
4328,
4344,
4304,
4360,
4392,
4496,
4440,
4340,
4352,
4272,
4276,
4208,
4324,
4236,
4336,
4256,
4360,
4280,
4372,
4360,
4364,
4372,
4336,
4400,
4384,
4360,
4364,
4340,
4312,
4252,
4248,
4184,
4200,
4240,
4244,
4332,
4352,
4424,
4472,
4500,
4488,
4476,
4452,
4440,
4424,
4384,
4408,
4344,
4368,
4348,
4352,
4328,
4328,
4280,
4252,
4176,
4168,
4248,
4184,
4232,
4288,
4312,
4344,
4408,
4452,
4396,
4388,
4292,
4332,
4316,
4340,
4308,
4328,
4328,
4356,
4372,
4372,
4356,
4348,
4352,
4324,
4332,
4320,
4324,
4340,
4348,
4368,
4376,
4412,
4376,
4448,
4336,
4380,
4332,
4328,
4320,
4296,
4268,
4284,
4304,
4348,
4376,
4396,
4360,
4444,
4368,
4340,
4152,
4216,
4144,
4316,
4316,
4444,
4404,
4432,
4420,
4344,
4324,
4240,
4252,
4248,
4212,
4200,
4192,
4240,
4164,
4220,
4200,
4236,
4264,
4328,
4340,
4388,
4440,
4408,
4408,
4368,
4324,
4300,
4212,
4168,
4140,
4168,
4184,
4244,
4276,
4324,
4336,
4384,
4384,
4396,
4344,
4368,
4296,
4264,
4236,
4292,
4192,
4180,
4164,
4164,
4112,
4244,
4296,
4320,
4332,
4328,
4400,
4340,
4364,
4308,
4264,
4188,
4176,
4176,
4164,
4200,
4204,
4284,
4264,
4316,
4300,
4320,
4340,
4296,
4288,
4280,
4244,
4268,
4236,
4248,
4188,
4240,
4200,
4232,
4236,
4256,
4196,
4244,
4236,
4260,
4216,
4200,
4172,
4108,
4096,
4076,
3944,
4088,
4064,
4272,
4208,
4344,
4232,
4348,
4276,
4268,
4204,
4200,
4200,
4192,
4200,
4172,
4176,
4148,
4100,
4108,
4036,
4056,
4076,
4116,
4120,
4220,
4276,
4296,
4388,
4380,
4376,
4340,
4244,
4148,
4120,
4104,
3996,
4044,
3996,
4052,
4088,
4184,
4252,
4224,
4232,
4212,
4192,
4196,
4168,
4088,
4180,
4184,
4208,
4288,
4268,
4256,
4144,
4224,
4112,
4208,
4104,
4152,
4108,
4140,
4140,
4132,
4084,
4092,
4076,
4088,
4056,
4152,
4220,
4248,
4240,
4276,
4228,
4264,
4228,
4156,
4148,
4124,
4096,
4072,
4028,
4020,
3984,
4060,
4096,
4104,
4092,
4084,
4080,
4112,
4152,
4088,
4140,
4184,
4308,
4260,
4176,
4176,
4144,
4188,
4092,
4216,
4092,
4192,
4096,
4160,
4116,
4168,
4188,
4168,
4144,
4100,
4108,
4156,
4104,
4140,
4076,
4064,
4000,
4040,
3996,
4064,
4088,
4152,
4144,
4188,
4136,
4148,
4144,
4144,
4104,
4080,
4068,
4068,
4048,
4064,
4036,
4068,
4068,
4132,
4164,
4240,
4268,
4252,
4244,
4184,
4272,
4096,
4048,
3968,
3904,
3896,
3940,
4016,
4048,
4108,
4100,
4192,
4256,
4264,
4220,
4204,
4160,
4136,
4096,
4092,
4060,
4036,
4060,
4008,
4000,
3984,
3984,
3964,
3956,
3988,
3976,
4028,
4036,
4124,
4084,
4164,
4136,
4156,
4120,
4084,
3984,
3988,
4004,
4004,
4052,
4044,
4100,
4208,
4232,
4200,
4024,
4012,
3912,
3924,
3848,
3864,
3900,
3920,
4032,
4060,
4116,
4084,
4128,
4096,
4016,
4004,
3964,
4040,
3988,
4084,
4024,
4064,
4092,
4116,
4068,
4024,
4012,
3940,
3928,
3888,
3892,
3864,
3912,
3956,
4004,
4060,
4088,
4144,
4116,
4124,
4108,
4084,
4068,
4052,
4040,
4036,
4008,
3984,
3944,
4076,
3900,
3932,
3848,
3900,
3892,
4052,
4088,
4128,
4120,
4060,
4100,
4036,
4084,
4052,
4060,
4008,
4016,
4024,
3984,
4004,
3956,
4000,
3972,
3980,
3984,
3992,
4020,
4000,
4008,
4004,
3996,
3992,
3944,
3928,
3900,
3928,
3916,
3940,
3952,
3984,
4032,
4020,
4048,
4040,
4028,
4020,
4020,
3964,
3904,
3912,
3760,
3876,
3788,
3940,
3816,
3984,
3912,
4048,
4012,
3984,
3944,
3884,
3896,
3876,
3892,
3848,
3920,
3936,
3888,
3932,
3884,
3924,
3932,
3944,
3896,
3900,
3892,
3848,
3840,
3828,
3824,
3816,
3832,
3828,
3840,
3812,
3884,
3920,
4004,
4056,
4112,
4076,
4088,
4068,
4032,
3948,
3876,
3828,
3820,
3736,
3768,
3756,
3744,
3824,
3856,
3856,
3828,
3900,
3900,
4036,
4012,
4060,
3992,
3996,
3956,
3936,
3944,
3924,
3912,
3968,
3948,
3968,
3948,
3900,
3864,
3824,
3776,
3732,
3756,
3748,
3800,
3864,
3908,
3960,
3952,
3980,
3948,
3972,
3940,
3944,
3892,
3856,
3860,
3876,
3892,
3880,
3912,
3932,
4012,
3916,
3820,
3824,
3752,
3812,
3748,
3876,
3804,
3964,
3868,
3940,
3824,
3888,
3824,
3792,
3732,
3696,
3764,
3836,
3884,
3904,
3924,
3952,
3940,
3892,
3860,
3836,
3800,
3800,
3816,
3804,
3820,
3852,
3804,
3812,
3768,
3772,
3800,
3820,
3808,
3860,
3884,
3920,
3952,
3960,
3984,
3988,
3968,
3904,
3792,
3720,
3772,
3652,
3684,
3644,
3676,
3684,
3796,
3900,
3916,
4008,
3940,
4040,
4020,
4072,
4024,
4016,
3944,
3956,
3880,
3852,
3772,
3688,
3636,
3604,
3572,
3528,
3512,
3628,
3812,
4000,
4044,
4028,
4064,
4156,
4060,
3924,
3724,
3724,
3808,
3804,
3644,
3636,
3700,
3816,
3784,
3708,
3728,
3892,
3944,
3896,
3788,
3840,
3864,
3912,
3868,
3900,
3900,
3872,
3912,
3900,
3820,
3804,
3836,
3688,
3640,
3716,
3640,
3700,
3756,
3796,
3744,
3836,
3836,
3736,
3780,
3796,
3748,
3720,
3696,
3696,
3740,
3680,
3732,
3704,
3732,
3780,
3796,
3724,
3784,
3876,
3736,
3768,
3812,
3756,
3752,
3868,
3764,
3704,
3768,
3892,
3692,
3812,
3732,
3692,
3732,
3928,
3932,
3988,
3944,
3896,
3836,
3848,
3832,
3792,
3668,
3644,
3584,
3600,
3564,
3672,
3668,
3796,
3800,
3780,
3720,
3748,
3688,
3692,
3652,
3680,
3700,
3760,
3752,
3804,
3720,
3764,
3664,
3704,
3652,
3652,
3608,
3620,
3704,
3780,
3848,
3908,
3920,
3960,
3888,
3836,
3624,
3644,
3532,
3652,
3580,
3752,
3688,
3892,
3836,
3908,
3832,
3768,
3780,
3668,
3676,
3616,
3656,
3688,
3660,
3752,
3756,
3816,
3824,
3864,
3852,
3856,
3816,
3788,
3764,
3724,
3680,
3628,
3636,
3644,
3660,
3696,
3692,
3760,
3760,
3772,
3708,
3704,
3640,
3640,
3588,
3600,
3576,
3700,
3700,
3680,
3756,
3756,
3736,
3764,
3696,
3676,
3596,
3592,
3552,
3652,
3612,
3660,
3652,
3696,
3720,
3720,
3736,
3736,
3672,
3688,
3620,
3612,
3604,
3608,
3556,
3624,
3640,
3676,
3708,
3740,
3740,
3756,
3736,
3744,
3744,
3776,
3780,
3800,
3768,
3684,
3680,
3632,
3644,
3660,
3708,
3700,
3728,
3716,
3840,
3752,
3672,
3648,
3608,
3624,
3588,
3724,
3644,
3764,
3684,
3764,
3672,
3744,
3700,
3708,
3700,
3628,
3652,
3640,
3632,
3648,
3616,
3624,
3616,
3680,
3648,
3656,
3652,
3652,
3620,
3648,
3632,
3660,
3660,
3656,
3608,
3620,
3588,
3592,
3560,
3596,
3584,
3612,
3612,
3632,
3672,
3680,
3668,
3652,
3612,
3612,
3716,
3632,
3672,
3692,
3692,
3704,
3752,
3780,
3688,
3656,
3536,
3580,
3500,
3524,
3484,
3500,
3516,
3580,
3588,
3592,
3652,
3628,
3676,
3660,
3636,
3656,
3692,
3720,
3684,
3672,
3628,
3652,
3640,
3668,
3612,
3684,
3636,
3668,
3608,
3584,
3536,
3580,
3616,
3640,
3676,
3700,
3664,
3728,
3700,
3660,
3532,
3480,
3476,
3496,
3540,
3584,
3580,
3644,
3720,
3668,
3708,
3636,
3628,
3584,
3508,
3484,
3464,
3504,
3492,
3576,
3556,
3616,
3572,
3580,
3524,
3524,
3464,
3452,
3468,
3484,
3540,
3608,
3648,
3676,
3696,
3688,
3652,
3616,
3572,
3524,
3496,
3508,
3568,
3612,
3620,
3652,
3640,
3636,
3592,
3672,
3500,
3488,
3464,
3488,
3496,
3620,
3644,
3672,
3668,
3600,
3656,
3612,
3600,
3540,
3512,
3460,
3444,
3428,
3392,
3460,
3404,
3472,
3476,
3504,
3500,
3544,
3568,
3572,
3540,
3524,
3492,
3496,
3424,
3428,
3372,
3440,
3396,
3476,
3544,
3584,
3608,
3636,
3636,
3636,
3628,
3568,
3560,
3532,
3512,
3524,
3372,
3456,
3388,
3536,
3420,
3540,
3392,
3552,
3464,
3496,
3424,
3412,
3452,
3492,
3520,
3472,
3540,
3536,
3472,
3512,
3452,
3496,
3460,
3476,
3476,
3500,
3544,
3528,
3560,
3548,
3552,
3492,
3504,
3492,
3468,
3496,
3472,
3472,
3424,
3448,
3384,
3384,
3392,
3420,
3448,
3508,
3572,
3684,
3656,
3576,
3568,
3496,
3448,
3476,
3344,
3292,
3176,
3212,
3184,
3324,
3344,
3464,
3540,
3624,
3632,
3648,
3644,
3600,
3552,
3468,
3396,
3388,
3352,
3376,
3372,
3416,
3404,
3428,
3436,
3440,
3416,
3396,
3392,
3396,
3408,
3468,
3492,
3536,
3564,
3580,
3540,
3532,
3496,
3460,
3484,
3404,
3352,
3324,
3476,
3472,
3416,
3396,
3340,
3392,
3252,
3404,
3328,
3484,
3460,
3572,
3548,
3616,
3572,
3556,
3508,
3428,
3432,
3388,
3392,
3388,
3332,
3356,
3332,
3348,
3332,
3368,
3392,
3428,
3464,
3500,
3516,
3544,
3508,
3460,
3400,
3392,
3348,
3368,
3352,
3396,
3404,
3400,
3408,
3396,
3368,
3400,
3396,
3352,
3312,
3372,
3496,
3436,
3440,
3444,
3452,
3476,
3532,
3572,
3524,
3552,
3448,
3460,
3380,
3420,
3316,
3292,
3268,
3340,
3344,
3400,
3452,
3512,
3564,
3572,
3560,
3552,
3528,
3504,
3480,
3396,
3388,
3352,
3332,
3332,
3268,
3304,
3304,
3364,
3376,
3360,
3352,
3368,
3308,
3388,
3364,
3340,
3408,
3520,
3540,
3556,
3412,
3408,
3364,
3336,
3360,
3336,
3300,
3300,
3328,
3336,
3388,
3340,
3400,
3384,
3436,
3368,
3348,
3352,
3328,
3352,
3296,
3344,
3340,
3344,
3360,
3324,
3336,
3280,
3308,
3288,
3332,
3332,
3372,
3404,
3416,
3456,
3468,
3472,
3412,
3432,
3380,
3364,
3364,
3356,
3344,
3408,
3348,
3392,
3340,
3428,
3300,
3276,
3244,
3240,
3256,
3356,
3364,
3400,
3396,
3328,
3352,
3276,
3316,
3188,
3212,
3184,
3252,
3284,
3304,
3364,
3356,
3436,
3384,
3412,
3312,
3368,
3328,
3380,
3292,
3324,
3296,
3348,
3320,
3308,
3280,
3284,
3284,
3300,
3316,
3352,
3376,
3412,
3452,
3492,
3436,
3432,
3424,
3372,
3356,
3324,
3192,
3292,
3208,
3364,
3232,
3360,
3236,
3408,
3332,
3336,
3252,
3200,
3252,
3228,
3268,
3256,
3196,
3292,
3248,
3368,
3268,
3396,
3336,
3420,
3320,
3332,
3268,
3264,
3236,
3236,
3272,
3292,
3300,
3328,
3288,
3316,
3320,
3332,
3312,
3336,
3312,
3336,
3352,
3348,
3388,
3372,
3412,
3444,
3420,
3320,
3348,
3276,
3232,
3272,
3224,
3220,
3200,
3216,
3176,
3280,
3164,
3232,
3208,
3208,
3292,
3352,
3376,
3428,
3424,
3408,
3372,
3312,
3232,
3180,
3116,
3076,
3060,
3084,
3120,
3188,
3288,
3284,
3372,
3372,
3344,
3408,
3328,
3300,
3300,
3212,
3196,
3176,
3104,
3084,
3164,
3084,
3188,
3240,
3416,
3428,
3392,
3428,
3344,
3388,
3240,
3368,
3232,
3292,
3216,
3284,
3176,
3220,
3260,
3256,
3268,
3216,
3256,
3216,
3188,
3164,
3192,
3252,
3312,
3348,
3368,
3356,
3332,
3292,
3208,
3196,
3148,
3144,
3168,
3192,
3232,
3288,
3276,
3328,
3292,
3312,
3288,
3268,
3232,
3228,
3192,
3160,
3168,
3132,
3088,
3076,
3184,
3116,
3136,
3164,
3172,
3212,
3296,
3380,
3352,
3384,
3300,
3392,
3348,
3396,
3324,
3300,
3248,
3248,
3212,
3152,
3116,
3072,
3120,
3092,
3132,
3196,
3240,
3336,
3380,
3412,
3384,
3336,
3304,
3268,
3168,
3152,
3088,
3148,
3136,
3200,
3164,
3252,
3256,
3316,
3308,
3292,
3296,
3324,
3264,
3272,
3116,
3140,
3084,
3156,
3180,
3216,
3172,
3184,
3140,
3144,
3176,
3124,
3192,
3236,
3256,
3284,
3272,
3308,
3232,
3264,
3192,
3132,
3108,
3068,
3032,
3040,
3056,
3052,
3088,
3096,
3172,
3180,
3216,
3248,
3232,
3228,
3248,
3228,
3208,
3124,
3108,
3060,
3152,
3176,
3264,
3252,
3192,
3180,
3180,
3272,
3160,
3216,
3228,
3228,
3188,
3284,
3288,
3264,
3228,
3152,
3184,
3124,
3148,
3120,
3112,
3108,
3116,
3144,
3152,
3180,
3136,
3172,
3112,
3140,
3136,
3124,
3160,
3172,
3152,
3164,
3148,
3196,
3160,
3172,
3100,
3116,
3084,
3100,
3100,
3088,
3068,
3028,
3064,
3068,
3132,
3140,
3224,
3252,
3300,
3304,
3144,
3208,
3092,
3244,
3092,
3160,
3056,
3192,
3144,
3176,
3120,
3092,
3108,
3080,
3092,
3080,
3104,
3164,
3156,
3192,
3112,
3188,
3156,
3160,
3164,
3172,
3192,
3192,
3212,
3208,
3164,
3120,
3148,
3148,
3116,
3152,
3116,
3132,
3072,
3100,
3064,
3048,
3032,
3004,
3024,
3032,
3084,
3160,
3144,
3156,
3168,
3156,
3168,
3264,
3140,
3132,
3088,
3064,
2932,
3016,
2932,
2948,
2968,
2992,
2996,
3048,
3052,
3100,
3080,
3096,
3064,
3112,
3128,
3152,
3172,
3152,
3140,
3132,
3084,
3076,
3032,
3052,
3028,
3096,
3068,
3092,
3064,
3064,
3088,
3080,
3052,
3072,
3120,
3172,
3212,
3224,
3224,
3192,
3272,
3140,
3000,
2928,
2828,
2912,
2856,
3000,
2968,
3176,
3124,
3256,
3164,
3252,
3172,
3156,
3140,
3060,
3084,
3064,
3064,
3060,
3040,
3016,
2972,
2948,
2920,
2904,
2904,
2960,
3024,
3104,
3144,
3164,
3192,
3148,
3132,
3076,
3044,
3016,
2984,
3028,
3004,
3052,
3040,
3064,
3048,
3028,
3048,
3012,
2980,
3020,
3144,
3060,
3076,
3116,
3096,
3080,
3148,
3252,
3136,
3200,
3040,
3064,
2944,
2928,
2840,
2900,
2896,
3008,
3052,
3088,
3144,
3080,
3116,
3052,
2992,
2976,
2968,
2972,
2940,
2948,
2940,
3004,
3004,
3072,
3016,
3088,
3040,
3044,
3024,
3012,
2940,
2952,
2932,
2956,
2960,
2944,
2984,
3060,
3096,
3072,
2968,
2984,
2984,
2988,
2960,
2988,
2904,
2912,
2908,
2884,
2920,
2864,
2940,
2924,
2928,
2944,
2936,
3016,
2980,
3044,
3004,
3048,
3036,
3036,
2968,
2952,
2908,
2876,
2908,
2884,
2908,
2936,
2976,
3004,
3020,
3076,
3048,
3104,
3040,
3044,
3004,
2984,
2936,
2920,
2924,
2960,
2916,
2960,
2944,
3092,
2940,
3000,
2976,
3044,
2968,
3068,
3068,
3044,
3056,
2984,
3004,
3000,
3036,
2996,
3000,
2920,
2904,
2892,
2864,
2924,
2884,
2972,
2932,
3012,
3012,
3068,
3044,
3064,
3020,
2996,
2980,
2968,
2912,
2932,
2864,
2908,
2892,
2968,
2976,
2960,
2984,
2976,
3028,
3044,
3020,
3048,
3056,
3044,
3044,
3052,
2908,
2980,
2908,
3040,
2932,
3016,
2940,
3036,
3044,
3068,
3008,
2972,
2980,
2952,
2928,
2880,
2876,
2900,
2904,
2968,
2948,
3016,
3020,
3052,
3004,
2984,
3000,
2948,
2980,
2960,
2956,
2936,
2892,
2896,
2836,
2864,
2856,
2896,
2908,
3000,
2988,
3044,
3056,
3092,
3060,
3020,
2932,
2980,
2932,
2832,
2864,
2864,
2844,
2920,
2880,
2856,
2832,
2908,
2892,
3044,
3032,
3092,
3076,
3032,
2984,
2936,
2904,
2848,
2848,
2840,
2828,
2844,
2856,
2852,
2876,
2880,
2872,
2904,
2936,
3008,
3032,
3052,
3056,
3044,
2948,
2936,
2864,
2872,
2912,
2868,
2836,
2820,
2828,
2796,
2868,
2832,
2880,
2920,
3092,
3064,
2992,
3000,
2948,
2996,
2884,
2984,
2892,
2980,
2888,
2956,
2872,
2908,
2872,
2876,
2816,
2812,
2836,
2844,
2868,
2896,
2944,
2964,
2968,
2956,
2940,
2932,
2892,
2836,
2804,
2780,
2780,
2796,
2796,
2836,
2896,
2928,
2976,
3024,
3052,
3068,
3012,
2988,
2932,
2916,
2864,
2852,
2868,
2840,
2860,
2896,
3040,
2972,
3028,
2976,
2948,
2900,
2964,
2992,
2988,
2992,
2900,
2940,
2908,
2948,
2872,
2896,
2824,
2868,
2856,
2856,
2888,
2868,
2936,
2892,
2928,
2896,
2884,
2924,
2924,
2944,
2940,
2952,
2960,
2984,
2900,
2908,
2836,
2832,
2820,
2816,
2780,
2808,
2804,
2880,
2896,
2936,
2972,
3088,
3088,
3068,
2904,
2876,
2832,
2888,
2884,
2908,
2900,
2896,
2932,
2896,
2896,
2824,
2872,
2880,
2872,
2908,
2912,
3032,
3008,
3068,
3012,
2972,
2880,
2816,
2768,
2724,
2732,
2724,
2780,
2816,
2916,
2932,
2968,
2972,
2948,
2940,
2884,
2872,
2844,
2848,
2848,
2824,
2812,
2812,
2816,
2820,
2804,
2848,
2852,
3016,
2932,
2988,
2928,
2936,
2876,
2960,
2932,
2916,
2892,
2808,
2844,
2812,
2840,
2812,
2824,
2796,
2796,
2832,
2824,
2868,
2860,
2916,
2908,
2928,
2876,
2868,
2872,
2868,
2868,
2848,
2872,
2892,
2868,
2888,
2820,
2836,
2792,
2804,
2812,
2812,
2784,
2772,
2788,
2780,
2768,
2756,
2768,
2728,
2784,
2852,
2712,
2864,
2828,
3036,
2920,
3052,
2908,
2988,
2920,
2908,
2884,
2892,
2992,
3004,
3064,
3008,
2940,
2904,
2756,
2764,
2628,
2700,
2668,
2688,
2724,
2772,
2788,
2804,
2884,
2900,
2940,
2940,
2948,
2940,
2908,
2912,
2824,
2772,
2700,
2692,
2652,
2652,
2660,
2712,
2752,
2784,
2844,
2916,
2916,
2828,
2876,
2888,
2864,
2900,
2872,
2848,
2712,
2748,
2672,
2760,
2744,
2784,
2792,
2796,
2780,
2804,
2824,
2844,
2812,
2824,
2812,
2828,
2816,
2796,
2732,
2740,
2740,
2760,
2752,
2776,
2800,
2800,
2852,
2864,
2860,
2924,
2888,
2892,
2888,
2868,
2812,
2780,
2740,
2712,
2728,
2664,
2736,
2752,
2872,
2820,
2776,
2740,
2700,
2768,
2648,
2768,
2704,
2816,
2720,
2892,
2796,
2884,
2864,
2836,
2772,
2704,
2692,
2716,
2760,
2768,
2828,
2868,
2880,
2948,
2860,
2824,
2848,
2772,
2688,
2768,
2760,
2684,
2732,
2748,
2680,
2732,
2756,
2744,
2788,
2852,
2860,
2876,
2892,
2888,
2900,
2872,
2852,
2796,
2704,
2652,
2804,
2608,
2596,
2728,
2720,
2696,
2928,
2976,
2888,
3008,
2896,
2844,
2780,
2772,
2632,
2636,
2620,
2652,
2688,
2804,
2868,
2888,
2984,
2952,
2924,
2856,
2804,
2760,
2704,
2712,
2744,
2752,
2832,
2888,
2836,
2860,
2756,
2724,
2676,
2640,
2588,
2652,
2688,
2776,
2840,
2888,
2940,
3072,
3052,
3020,
2840,
2772,
2644,
2652,
2592,
2604,
2572,
2600,
2668,
2684,
2788,
2796,
2916,
2892,
2868,
2864,
2784,
2852,
2732,
2788,
2636,
2724,
2664,
2768,
2792,
2852,
2876,
2880,
2816,
2800,
2716,
2692,
2668,
2668,
2664,
2716,
2748,
2796,
2836,
2864,
2868,
2836,
2804,
2760,
2740,
2688,
2640,
2640,
2640,
2764,
2696,
2760,
2752,
2764,
2728,
2836,
2816,
2768,
2724,
2636,
2692,
2640,
2696,
2736,
2784,
2756,
2808,
2820,
2784,
2804,
2712,
2716,
2668,
2652,
2620,
2664,
2688,
2740,
2812,
2900,
2912,
2936,
2888,
2864,
2764,
2696,
2600,
2624,
2596,
2648,
2652,
2684,
2736,
2796,
2796,
2780,
2824,
2804,
2840,
2904,
2720,
2836,
2752,
2908,
2740,
2804,
2652,
2732,
2660,
2668,
2584,
2620,
2700,
2720,
2804,
2808,
2832,
2852,
2760,
2772,
2676,
2708,
2664,
2696,
2664,
2696,
2716,
2708,
2700,
2688,
2708,
2660,
2668,
2640,
2636,
2620,
2688,
2668,
2688,
2672,
2684,
2692,
2652,
2640,
2636,
2760,
2904,
3020,
2912,
2840,
2868,
2872,
2680,
2600,
2504,
2616,
2596,
2548,
2468,
2636,
2684,
2696,
2640,
2684,
2736,
2768,
2748,
2748,
2752,
2780,
2760,
2724,
2704,
2736,
2716,
2716,
2648,
2652,
2644,
2664,
2596,
2580,
2560,
2620,
2620,
2668,
2700,
2776,
2868,
2888,
2884,
2860,
2808,
2752,
2740,
2624,
2660,
2684,
2796,
2776,
2708,
2796,
2820,
2892,
2824,
2880,
2776,
2816,
2668,
2696,
2596,
2640,
2612,
2648,
2672,
2700,
2792,
2804,
2844,
2868,
2888,
2856,
2824,
2800,
2712,
2680,
2660,
2592,
2592,
2596,
2600,
2656,
2668,
2680,
2696,
2688,
2700,
2712,
2736,
2712,
2720,
2636,
2680,
2636,
2628,
2564,
2644,
2604,
2696,
2700,
2848,
2792,
2864,
2840,
2812,
2704,
2636,
2484,
2312,
2248,
2144,
2272,
2368,
2636,
2804,
3000,
3068,
3176,
3148,
3124,
3012,
2828,
2600,
2344,
2116,
2032,
2060,
2220,
2476,
2720,
2956,
3096,
3088,
3096,
2952,
2848,
2692,
2612,
2536,
2412,
2344,
2336,
2452,
2632,
2848,
2936,
3032,
3112,
3076,
2936,
2720,
2596,
2444,
2420,
2356,
2380,
2384,
2456,
2568,
2632,
2788,
2820,
2940,
2948,
2900,
2820,
2700,
2632,
2512,
2508,
2408,
2480,
2468,
2552,
2624,
2716,
2820,
2860,
2900,
2900,
2920,
2836,
2796,
2704,
2640,
2584,
2528,
2484,
2432,
2472,
2436,
2476,
2616,
2680,
2788,
2864,
2892,
2888,
2880,
2924,
2728,
2740,
2632,
2648,
2584,
2696,
2712,
2708,
2716,
2648,
2632,
2600,
2600,
2536,
2512,
2500,
2564,
2604,
2632,
2724,
2748,
2808,
2760,
2752,
2692,
2676,
2644,
2608,
2564,
2560,
2548,
2604,
2584,
2632,
2600,
2628,
2600,
2624,
2636,
2620,
2596,
2588,
2616,
2612,
2624,
2632,
2664,
2676,
2688,
2680,
2564,
2620,
2560,
2668,
2524,
2640,
2524,
2672,
2680,
2756,
2696,
2732,
2768,
2780,
2760,
2708,
2688,
2676,
2584,
2584,
2524,
2532,
2532,
2560,
2560,
2596,
2620,
2628,
2660,
2672,
2700,
2672,
2680,
2672,
2608,
2600,
2556,
2584,
2512,
2580,
2572,
2580,
2608,
2588,
2616,
2636,
2604,
2636,
2616,
2564,
2604,
2604,
2636,
2772,
2744,
2772,
2724,
2748,
2616,
2696,
2576,
2648,
2576,
2576,
2512,
2504,
2484,
2540,
2532,
2616,
2688,
2744,
2764,
2780,
2728,
2728,
2696,
2652,
2604,
2628,
2624,
2596,
2592,
2588,
2516,
2548,
2512,
2536,
2564,
2584,
2560,
2576,
2600,
2592,
2628,
2576,
2604,
2592,
2696,
2632,
2564,
2592,
2548,
2632,
2604,
2740,
2652,
2740,
2640,
2660,
2548,
2564,
2528,
2516,
2468,
2404,
2392,
2388,
2396,
2428,
2480,
2572,
2596,
2708,
2712,
2768,
2792,
2772,
2732,
2660,
2584,
2532,
2480,
2440,
2404,
2408,
2412,
2468,
2512,
2548,
2596,
2624,
2664,
2676,
2668,
2672,
2648,
2600,
2584,
2556,
2668,
2604,
2644,
2632,
2620,
2608,
2704,
2716,
2664,
2660,
2552,
2564,
2484,
2508,
2444,
2484,
2476,
2508,
2544,
2556,
2620,
2620,
2648,
2644,
2652,
2616,
2632,
2604,
2588,
2604,
2600,
2616,
2600,
2644,
2588,
2624,
2600,
2608,
2624,
2604,
2596,
2592,
2588,
2596,
2600,
2560,
2552,
2660,
2640,
2612,
2448,
2468,
2448,
2552,
2560,
2620,
2632,
2672,
2716,
2684,
2692,
2612,
2624,
2588,
2504,
2520,
2492,
2548,
2504,
2596,
2584,
2652,
2584,
2600,
2572,
2584,
2580,
2572,
2604,
2604,
2624,
2624,
2584,
2580,
2532,
2516,
2500,
2536,
2508,
2520,
2536,
2548,
2620,
2612,
2608,
2636,
2592,
2616,
2580,
2652,
2532,
2592,
2552,
2588,
2552,
2624,
2620,
2624,
2588,
2528,
2568,
2528,
2568,
2520,
2524,
2508,
2520,
2520,
2548,
2572,
2612,
2640,
2580,
2612,
2592,
2600,
2596,
2568,
2536,
2536,
2532,
2520,
2528,
2564,
2552,
2652,
2628,
2636,
2612,
2604,
2532,
2556,
2572,
2632,
2652,
2644,
2672,
2604,
2604,
2580,
2432,
2500,
2436,
2572,
2444,
2520,
2440,
2540,
2520,
2500,
2440,
2444,
2468,
2444,
2452,
2424,
2472,
2496,
2488,
2556,
2548,
2600,
2588,
2624,
2588,
2532,
2524,
2484,
2504,
2480,
2512,
2516,
2512,
2516,
2520,
2516,
2504,
2552,
2496,
2532,
2496,
2512,
2488,
2540,
2540,
2576,
2584,
2656,
2596,
2548,
2560,
2568,
2540,
2620,
2584,
2568,
2488,
2556,
2464,
2588,
2520,
2580,
2576,
2588,
2584,
2584,
2584,
2568,
2536,
2500,
2484,
2512,
2436,
2456,
2444,
2440,
2488,
2500,
2544,
2520,
2620,
2592,
2644,
2628,
2608,
2640,
2548,
2576,
2576,
2556,
2472,
2520,
2452,
2436,
2464,
2392,
2440,
2464,
2616,
2588,
2568,
2572,
2564,
2600,
2464,
2548,
2432,
2500,
2380,
2412,
2364,
2456,
2448,
2496,
2512,
2520,
2516,
2496,
2536,
2532,
2560,
2552,
2560,
2596,
2528,
2540,
2512,
2512,
2508,
2500,
2496,
2504,
2532,
2512,
2500,
2488,
2452,
2444,
2432,
2484,
2512,
2544,
2556,
2604,
2588,
2632,
2628,
2568,
2528,
2504,
2596,
2476,
2508,
2452,
2416,
2408,
2420,
2488,
2484,
2508,
2484,
2564,
2528,
2572,
2520,
2516,
2496,
2516,
2476,
2488,
2484,
2452,
2460,
2416,
2416,
2396,
2404,
2420,
2412,
2432,
2460,
2472,
2480,
2556,
2492,
2540,
2492,
2488,
2496,
2476,
2428,
2464,
2448,
2500,
2500,
2448,
2452,
2516,
2544,
2556,
2440,
2420,
2380,
2396,
2420,
2412,
2436,
2464,
2536,
2528,
2584,
2496,
2504,
2472,
2456,
2496,
2512,
2604,
2536,
2636,
2572,
2556,
2552,
2560,
2532,
2552,
2512,
2508,
2532,
2512,
2520,
2500,
2488,
2460,
2424,
2404,
2388,
2428,
2412,
2492,
2480,
2500,
2500,
2536,
2516,
2516,
2468,
2440,
2404,
2488,
2340,
2404,
2376,
2408,
2396,
2480,
2492,
2496,
2468,
2392,
2436,
2388,
2468,
2492,
2524,
2564,
2600,
2588,
2552,
2572,
2512,
2488,
2436,
2396,
2380,
2388,
2404,
2392,
2412,
2468,
2452,
2504,
2468,
2492,
2448,
2492,
2464,
2472,
2492,
2520,
2536,
2488,
2500,
2512,
2480,
2456,
2464,
2408,
2372,
2416,
2304,
2448,
2412,
2592,
2472,
2612,
2524,
2604,
2552,
2552,
2444,
2392,
2388,
2348,
2432,
2416,
2452,
2500,
2432,
2500,
2424,
2476,
2440,
2476,
2464,
2480,
2520,
2508,
2524,
2504,
2512,
2472,
2468,
2420,
2408,
2440,
2396,
2432,
2424,
2432,
2432,
2448,
2456,
2456,
2448,
2444,
2436,
2508,
2456,
2380,
2432,
2424,
2424,
2532,
2508,
2468,
2436,
2456,
2392,
2468,
2424,
2448,
2404,
2404,
2388,
2376,
2392,
2420,
2412,
2400,
2416,
2420,
2432,
2428,
2396,
2408,
2428,
2436,
2432,
2424,
2460,
2472,
2484,
2488,
2408,
2436,
2408,
2408,
2452,
2440,
2408,
2404,
2444,
2452,
2504,
2476,
2476,
2500,
2552,
2440,
2332,
2288,
2200,
2252,
2220,
2372,
2328,
2484,
2424,
2544,
2484,
2528,
2492,
2488,
2464,
2364,
2368,
2360,
2360,
2336,
2348,
2448,
2404,
2440,
2372,
2340,
2284,
2264,
2280,
2392,
2452,
2536,
2532,
2572,
2516,
2508,
2408,
2412,
2360,
2384,
2356,
2384,
2416,
2424,
2448,
2432,
2472,
2424,
2376,
2380,
2476,
2368,
2420,
2420,
2388,
2372,
2440,
2484,
2456,
2460,
2340,
2396,
2324,
2380,
2348,
2404,
2384,
2456,
2468,
2484,
2480,
2452,
2448,
2416,
2392,
2364,
2384,
2380,
2388,
2376,
2364,
2360,
2344,
2356,
2296,
2388,
2356,
2408,
2404,
2416,
2416,
2424,
2396,
2432,
2404,
2284,
2344,
2420,
2396,
2412,
2284,
2304,
2292,
2328,
2332,
2360,
2376,
2372,
2420,
2400,
2432,
2360,
2420,
2404,
2368,
2328,
2320,
2332,
2308,
2364,
2360,
2392,
2448,
2484,
2520,
2520,
2536,
2456,
2448,
2412,
2336,
2312,
2264,
2288,
2256,
2296,
2384,
2436,
2512,
2572,
2580,
2580,
2560,
2508,
2404,
2392,
2252,
2244,
2220,
2356,
2288,
2360,
2356,
2376,
2324,
2416,
2424,
2408,
2376,
2328,
2356,
2316,
2364,
2336,
2352,
2328,
2384,
2416,
2400,
2444,
2408,
2400,
2364,
2332,
2304,
2296,
2280,
2272,
2272,
2272,
2248,
2292,
2328,
2392,
2388,
2484,
2488,
2540,
2552,
2560,
2496,
2412,
2384,
2356,
2296,
2276,
2280,
2292,
2320,
2352,
2176,
2276,
2216,
2372,
2256,
2412,
2300,
2524,
2528,
2568,
2532,
2512,
2484,
2424,
2396,
2268,
2256,
2244,
2208,
2288,
2268,
2340,
2324,
2332,
2284,
2260,
2252,
2248,
2328,
2344,
2412,
2472,
2512,
2548,
2576,
2564,
2516,
2484,
2388,
2268,
2228,
2168,
2180,
2140,
2168,
2120,
2196,
2244,
2284,
2260,
2404,
2408,
2484,
2584,
2516,
2464,
2328,
2304,
2172,
2220,
2152,
2216,
2220,
2276,
2324,
2400,
2464,
2528,
2508,
2516,
2504,
2452,
2384,
2296,
2196,
2168,
2164,
2172,
2168,
2204,
2244,
2276,
2300,
2324,
2300,
2364,
2340,
2368,
2392,
2396,
2372,
2364,
2392,
2376,
2388,
2312,
2336,
2324,
2488,
2436,
2368,
2396,
2372,
2428,
2304,
2304,
2184,
2212,
2092,
2176,
2120,
2192,
2284,
2324,
2400,
2396,
2436,
2460,
2396,
2432,
2348,
2364,
2328,
2336,
2248,
2288,
2296,
2336,
2384,
2428,
2424,
2448,
2440,
2376,
2352,
2328,
2296,
2304,
2248,
2240,
2180,
2196,
2168,
2188,
2208,
2216,
2300,
2340,
2384,
2416,
2580,
2484,
2516,
2464,
2396,
2280,
2292,
2248,
2188,
2164,
2068,
2104,
2076,
2164,
2172,
2200,
2204,
2284,
2332,
2412,
2484,
2480,
2524,
2476,
2444,
2412,
2376,
2344,
2268,
2236,
2212,
2208,
2228,
2272,
2248,
2276,
2212,
2212,
2232,
2252,
2220,
2284,
2324,
2396,
2436,
2416,
2432,
2512,
2468,
2408,
2268,
2248,
2184,
2212,
2188,
2224,
2168,
2168,
2220,
2176,
2236,
2204,
2308,
2356,
2356,
2368,
2376,
2392,
2344,
2368,
2284,
2280,
2268,
2272,
2236,
2220,
2232,
2212,
2220,
2280,
2324,
2364,
2376,
2372,
2356,
2388,
2344,
2320,
2304,
2292,
2276,
2272,
2292,
2328,
2312,
2328,
2272,
2288,
2240,
2348,
2212,
2260,
2276,
2332,
2280,
2400,
2404,
2392,
2368,
2296,
2332,
2260,
2236,
2220,
2240,
2284,
2376,
2428,
2392,
2372,
2260,
2256,
2168,
2216,
2200,
2268,
2332,
2416,
2388,
2412,
2384,
2396,
2332,
2292,
2220,
2240,
2204,
2288,
2260,
2300,
2264,
2220,
2180,
2232,
2180,
2192,
2236,
2216,
2252,
2336,
2192,
2368,
2260,
2420,
2280,
2348,
2184,
2272,
2192,
2176,
2152,
2160,
2244,
2264,
2332,
2300,
2404,
2420,
2344,
2360,
2292,
2296,
2220,
2192,
2140,
2104,
2120,
2096,
2116,
2148,
2204,
2272,
2336,
2356,
2408,
2444,
2428,
2320,
2256,
2220,
2076,
2068,
2100,
1968,
2036,
2136,
2144,
2224,
2320,
2248,
2332,
2396,
2380,
2384,
2316,
2316,
2188,
2240,
2132,
2240,
2172,
2232,
2196,
2232,
2152,
2180,
2188,
2116,
2160,
2260,
2180,
2268,
2420,
2348,
2372,
2440,
2344,
2264,
2296,
2164,
2092,
2108,
2084,
2128,
2156,
2256,
2272,
2352,
2420,
2408,
2368,
2312,
2228,
2164,
2168,
2096,
2068,
2096,
2212,
2204,
2228,
2308,
2340,
2372,
2348,
2308,
2272,
2276,
2252,
2240,
2220,
2200,
2248,
2296,
2248,
2284,
2252,
2196,
2208,
2228,
2188,
2232,
2232,
2244,
2272,
2252,
2260,
2252,
2228,
2188,
2204,
2168,
2164,
2216,
2212,
2252,
2276,
2316,
2336,
2336,
2296,
2280,
2228,
2192,
2156,
2128,
2148,
2136,
2088,
2152,
2180,
2196,
2308,
2332,
2328,
2312,
2328,
2284,
2308,
2224,
2252,
2184,
2152,
2172,
2120,
2184,
2164,
2192,
2184,
2220,
2244,
2312,
2320,
2312,
2304,
2288,
2276,
2252,
2216,
2256,
2312,
2360,
2308,
2364,
2276,
2284,
2236,
2260,
2240,
2268,
2224,
2200,
2180,
2168,
2152,
2128,
2168,
2284,
2396,
2452,
2340,
2336,
2320,
2364,
2308,
2292,
2276,
2232,
2292,
2224,
2252,
2188,
2232,
2184,
2184,
2156,
2116,
2168,
2124,
2204,
2160,
2188,
2228,
2264,
2252,
2232,
2232,
2216,
2168,
2140,
2172,
2164,
2192,
2220,
2240,
2240,
2240,
2220,
2176,
2160,
2100,
2092,
2080,
2080,
2116,
2172,
2184,
2192,
2240,
2380,
2280,
2356,
2280,
2292,
2256,
2360,
2324,
2308,
2308,
2236,
2276,
2228,
2252,
2212,
2212,
2180,
2208,
2224,
2176,
2192,
2184,
2204,
2124,
2172,
2148,
2232,
2244,
2260,
2256,
2292,
2236,
2276,
2240,
2256,
2224,
2256,
2192,
2200,
2180,
2164,
2124,
2100,
2136,
2172,
2160,
2160,
2232,
2220,
2244,
2268,
2140,
2248,
2156,
2296,
2112,
2176,
2124,
2252,
2212,
2268,
2204,
2172,
2196,
2168,
2212,
2160,
2212,
2280,
2232,
2280,
2236,
2220,
2200,
2212,
2176,
2168,
2176,
2228,
2264,
2280,
2316,
2252,
2244,
2204,
2168,
2156,
2156,
2216,
2180,
2232,
2212,
2244,
2220,
2168,
2144,
2172,
2172,
2216,
2240,
2196,
2324,
2252,
2252,
2276,
2228,
2152,
2088,
2092,
2036,
2128,
2052,
2104,
2092,
2088,
2116,
2144,
2160,
2188,
2196,
2284,
2292,
2320,
2312,
2340,
2264,
2264,
2212,
2172,
2120,
2096,
2100,
2064,
2080,
2076,
2052,
2100,
2124,
2144,
2204,
2236,
2276,
2240,
2304,
2256,
2312,
2192,
2204,
2148,
2268,
2184,
2144,
2100,
2136,
2152,
2160,
2208,
2156,
2180,
2136,
2196,
2216,
2264,
2288,
2240,
2216,
2092,
2128,
2084,
2108,
2120,
2152,
2224,
2180,
2236,
2172,
2192,
2176,
2168,
2132,
2136,
2148,
2172,
2140,
2132,
2164,
2196,
2224,
2252,
2188,
2200,
2196,
2156,
2164,
2164,
2172,
2120,
2220,
2208,
2196,
2132,
2340,
2184,
2212,
2124,
2092,
2024,
2080,
2148,
2120,
2188,
2132,
2248,
2244,
2308,
2256,
2292,
2232,
2240,
2156,
2112,
2056,
2008,
2020,
2028,
2056,
2124,
2204,
2276,
2316,
2292,
2276,
2236,
2184,
2172,
2064,
2080,
2012,
2060,
2052,
2080,
2108,
2160,
2200,
2236,
2260,
2196,
2228,
2308,
2288,
2288,
2156,
2148,
2084,
2136,
2080,
2120,
2116,
2108,
2156,
2132,
2224,
2176,
2268,
2224,
2340,
2484,
2512,
2464,
2332,
2400,
2324,
2180,
2008,
1992,
2080,
2112,
2044,
2016,
2092,
2204,
2216,
2168,
2140,
2220,
2228,
2212,
2156,
2180,
2176,
2212,
2180,
2160,
2188,
2176,
2152,
2116,
2052,
2052,
2044,
2124,
2000,
2048,
2040,
2088,
2048,
2160,
2208,
2240,
2240,
2180,
2208,
2172,
2212,
2148,
2152,
2144,
2172,
2184,
2132,
2168,
2176,
2228,
2168,
2164,
2136,
2136,
2140,
2104,
2088,
2088,
2076,
2112,
2128,
2180,
2136,
2224,
2164,
2172,
2204,
2220,
2176,
2148,
2104,
2076,
2052,
2028,
2028,
2044,
2064,
2092,
1984,
2104,
2116,
2312,
2176,
2240,
2112,
2236,
2184,
2200,
2092,
2068,
2104,
2088,
2116,
2116,
2132,
2152,
2120,
2140,
2028,
2104,
2088,
2140,
2136,
2188,
2200,
2216,
2188,
2184,
2104,
2052,
2008,
2040,
2052,
2104,
2104,
2148,
2144,
2172,
2184,
2204,
2196,
2156,
2104,
2124,
2100,
2140,
2196,
2180,
2284,
2244,
2280,
2320,
2220,
2168,
2044,
2008,
1924,
2012,
1920,
2020,
2044,
2124,
2232,
2252,
2300,
2292,
2256,
2196,
2148,
2132,
2120,
2100,
2080,
2116,
2144,
2164,
2228,
2244,
2312,
2300,
2264,
2188,
2060,
2028,
1992,
1944,
1960,
1996,
1988,
2008,
2076,
2072,
2184,
2168,
2176,
2200,
2292,
2228,
2200,
2180,
2236,
2236,
2184,
2108,
2112,
2104,
2016,
1984,
1944,
1860,
1948,
2036,
2060,
2112,
2216,
2232,
2236,
2260,
2236,
2224,
2228,
2152,
2152,
2136,
2108,
2104,
2076,
2128,
2108,
2120,
2100,
2108,
2112,
2128,
2120,
2176,
2160,
2216,
2228,
2180,
2208,
2148,
2140,
2136,
2180,
2176,
2068,
2148,
2104,
2092,
2172,
2132,
2128,
2092,
2088,
2076,
2132,
2100,
2100,
2068,
2056,
2068,
2040,
2056,
2012,
2040,
2008,
2064,
2092,
2116,
2164,
2160,
2152,
2152,
2120,
2092,
2024,
2056,
2044,
2084,
2092,
2144,
2140,
2216,
2192,
2256,
2216,
2220,
2156,
2124,
2096,
2124,
2076,
2056,
2036,
2168,
2212,
2252,
2128,
2132,
2100,
2180,
2152,
2164,
2132,
2116,
2148,
2152,
2200,
2148,
2172,
2140,
2104,
2076,
2044,
2084,
2012,
2076,
2056,
2128,
2124,
2160,
2180,
2196,
2176,
2208,
2172,
2188,
2204,
2212,
2184,
2164,
2124,
2124,
2096,
2104,
2100,
2132,
2124,
2116,
2140,
2108,
2160,
2152,
2160,
2188,
2236,
2308,
2144,
2120,
2040,
2040,
2016,
2080,
2116,
2156,
2172,
2116,
2164,
2128,
2160,
2136,
2156,
2104,
2128,
2136,
2108,
2180,
2116,
2156,
2124,
2128,
2100,
2092,
2096,
2100,
2088,
2124,
2120,
2116,
2108,
2120,
2076,
2152,
2104,
2144,
2164,
2172,
2160,
2112,
2112,
2060,
2068,
2044,
2064,
2016,
2076,
2108,
2040,
2160,
2128,
2264,
2132,
2268,
2148,
2260,
2176,
2168,
2124,
2076,
2068,
2052,
2116,
2084,
2160,
2196,
2160,
2212,
2176,
2200,
2148,
2180,
2104,
2088,
2096,
2020,
2000,
2020,
2028,
2056,
2088,
2164,
2184,
2264,
2292,
2316,
2292,
2316,
2224,
2196,
2180,
2100,
2060,
2008,
1972,
2060,
2036,
2004,
2104,
2116,
2152,
2240,
2192,
2156,
2088,
2096,
2040,
2144,
2092,
2160,
2160,
2176,
2148,
2164,
2128,
2116,
2092,
2044,
2036,
2060,
2092,
2140,
2176,
2204,
2212,
2208,
2152,
2124,
2084,
2024,
2000,
2008,
1936,
1952,
1944,
2004,
2080,
2120,
2172,
2216,
2264,
2260,
2332,
2268,
2236,
2220,
2296,
2212,
2140,
2092,
2100,
2096,
2048,
2040,
2000,
2060,
2044,
2088,
2052,
2096,
2136,
2196,
2168,
2176,
2212,
2176,
2192,
2164,
2168,
2136,
2136,
2092,
2084,
2072,
2052,
2076,
2108,
2128,
2124,
2200,
2212,
2224,
2200,
2188,
2120,
2100,
2048,
2028,
2004,
1992,
2040,
2072,
2128,
2156,
2268,
2240,
2136,
2156,
2096,
2068,
2108,
2044,
2044,
2052,
2076,
2072,
2164,
2136,
2220,
2212,
2208,
2172,
2120,
2108,
2096,
2124,
2124,
2184,
2196,
2232,
2216,
2188,
2112,
2044,
1988,
1964,
1960,
2012,
2068,
2084,
2100,
2140,
2124,
2152,
2116,
2088,
2080,
2128,
2088,
2096,
2084,
2156,
2156,
2160,
2124,
2244,
2252,
2212,
2104,
2064,
2028,
2084,
2080,
2092,
2048,
2068,
2124,
2100,
2124,
2060,
2140,
2120,
2104,
2076,
2060,
2064,
2012,
2016,
1948,
1988,
2044,
2092,
2160,
2188,
2248,
2228,
2240,
2196,
2156,
2088,
2052,
2060,
2016,
2060,
2052,
2100,
2128,
2128,
2144,
2168,
2172,
2164,
2156,
2188,
2140,
2136,
2084,
2164,
2036,
2096,
2052,
2036,
1996,
2124,
2164,
2184,
2200,
2172,
2252,
2188,
2180,
2112,
2076,
2008,
2008,
2044,
1992,
2092,
2064,
2140,
2084,
2112,
2112,
2176,
2172,
2172,
2136,
2140,
2112,
2092,
2040,
2052,
1988,
2040,
1984,
2060,
2076,
2136,
2104,
2088,
2116,
2096,
2028,
2016,
2024,
2004,
2028,
2072,
1972,
2152,
2132,
2332,
2244,
2344,
2200,
2272,
2180,
2140,
2012,
1972,
2008,
2020,
2060,
2084,
2104,
2108,
2060,
2056,
2004,
2080,
2020,
2064,
2088,
2116,
2144,
2124,
2072,
2004,
2000,
1960,
2028,
2032,
2004,
2064,
2108,
2148,
2176,
2224,
2240,
2216,
2180,
2152,
2128,
2148,
2132,
2180,
2120,
2028,
2052,
1992,
1948,
2024,
2008,
2016,
2020,
2096,
2108,
2244,
2196,
2228,
2184,
2172,
2088,
2040,
1992,
1968,
1912,
1924,
1964,
2040,
2104,
2136,
2172,
2172,
2160,
2132,
2072,
2068,
2084,
2060,
2072,
2120,
2092,
2176,
2104,
2092,
2068,
2032,
1988,
2036,
2068,
2124,
2188,
2172,
2152,
2152,
2188,
2088,
2080,
2064,
2056,
2060,
2044,
2068,
2096,
2204,
2188,
2176,
2152,
2164,
2144,
2148,
2084,
2040,
2024,
2020,
2004,
1996,
2000,
2004,
2040,
2060,
2024,
2092,
2100,
2120,
2112,
2112,
2096,
2072,
2052,
2064,
2016,
2028,
2048,
2032,
2040,
2084,
2088,
2132,
2136,
2124,
2100,
2084,
2116,
2100,
1988,
2004,
1988,
1992,
2072,
2036,
2016,
2000,
1996,
1988,
2100,
2048,
2104,
2112,
2068,
2104,
2092,
2100,
2104,
2100,
2020,
2060,
2028,
2028,
2040,
2044,
2056,
2056,
2116,
2104,
2112,
2116,
2144,
2132,
2076,
2112,
2024,
2028,
1956,
1972,
1952,
2008,
1992,
2036,
2100,
2140,
2176,
2156,
2136,
2224,
2192,
2172,
2036,
2032,
1960,
2000,
1996,
2020,
2004,
2012,
2092,
2084,
2136,
2108,
2144,
2128,
2104,
2100,
2048,
2088,
2020,
2056,
2036,
2052,
2056,
2032,
2020,
2016,
2064,
2036,
2020,
2016,
2036,
2008,
2004,
1960,
1984,
2020,
1996,
2044,
2036,
2072,
2056,
2036,
2048,
2072,
2052,
2080,
2004,
2044,
2044,
2148,
2012,
2096,
2044,
2096,
2056,
2156,
2148,
2144,
2088,
2012,
2004,
1912,
1896,
1908,
1932,
1932,
2000,
2044,
2084,
2180,
2172,
2212,
2184,
2164,
2108,
2088,
2064,
2048,
1992,
1984,
1948,
1964,
1948,
1984,
1980,
2032,
2016,
2040,
2044,
2068,
2020,
1976,
2008,
2000,
2064,
2064,
2112,
2136,
2204,
2228,
2088,
2108,
2020,
2108,
2036,
2128,
2068,
2140,
2128,
2072,
2012,
1888,
1936,
1876,
1980,
1984,
2064,
2104,
2096,
2144,
2088,
2132,
2072,
2080,
2040,
2016,
2000,
1976,
1996,
2016,
2032,
2044,
2064,
2092,
2132,
2168,
2124,
2168,
2088,
2104,
2040,
2032,
1976,
1956,
1908,
1896,
1892,
1960,
1976,
1952,
2048,
2092,
2108,
2204,
2156,
2160,
2092,
2088,
2052,
2132,
2080,
2124,
2068,
2076,
2032,
2016,
2004,
1992,
1980,
2008,
2000,
2028,
2048,
2060,
2068,
2088,
2060,
2036,
2036,
2008,
2020,
1992,
1992,
2008,
1976,
2016,
2016,
2032,
2040,
2024,
1984,
1952,
2012,
1964,
1976,
1944,
1952,
1976,
2120,
2060,
2028,
2060,
2120,
2136,
2104,
2128,
2120,
2144,
2112,
2080,
1996,
1960,
1956,
2016,
2008,
2016,
2060,
2052,
2020,
2040,
2020,
2008,
2028,
2000,
2020,
2048,
2044,
2044,
2028,
2004,
1984,
1924,
1924,
1924,
1900,
1956,
1964,
2044,
2088,
2144,
2140,
2168,
2184,
2136,
2116,
2064,
2072,
2000,
1912,
1908,
1884,
1864,
1928,
1928,
1928,
1944,
2000,
1980,
2072,
2052,
2064,
2068,
2076,
2072,
2108,
2140,
2136,
2148,
2096,
2096,
2048,
2084,
2040,
1976,
2004,
1988,
2016,
1996,
2016,
2012,
2036,
2052,
2024,
2052,
2012,
2056,
2004,
2056,
2060,
2096,
2036,
2032,
2036,
2012,
1992,
1912,
1932,
2028,
2056,
2104,
2036,
2044,
2064,
2112,
2120,
2096,
2048,
2016,
2072,
2024,
2052,
2012,
2020,
1992,
1964,
1968,
1968,
2032,
2000,
2068,
2056,
2140,
2160,
2144,
2100,
2076,
2036,
2040,
2056,
2076,
2072,
2092,
2056,
2056,
1960,
1976,
1940,
1992,
2004,
2068,
2052,
2088,
2080,
2032,
2028,
2016,
1924,
1936,
1880,
2000,
1912,
2000,
1916,
2044,
1960,
2032,
2096,
2084,
1956,
1956,
2040,
1896,
2032,
2072,
2012,
2028,
2140,
2108,
2096,
2212,
2128,
2124,
2080,
2040,
2032,
2000,
1980,
1984,
1944,
1940,
1996,
1980,
1948,
2088,
2076,
2056,
2172,
2180,
2128,
2232,
2184,
2008,
1980,
1964,
1836,
1764,
1836,
1776,
1872,
2044,
2004,
2160,
2184,
2284,
2108,
2188,
2028,
2076,
1976,
1968,
1940,
1960,
2032,
2044,
2156,
2088,
2132,
2084,
1976,
1896,
1820,
1800,
1828,
1840,
1872,
1956,
2016,
2060,
2048,
2048,
2020,
1976,
1980,
1948,
1912,
1956,
1956,
2040,
2020,
2072,
2076,
2100,
2092,
2084,
2012,
1980,
1908,
1920,
1860,
1772,
1820,
1832,
1896,
2056,
2076,
2100,
2052,
2096,
2012,
2052,
1944,
1988,
1924,
1932,
1844,
1860,
1908,
1920,
1988,
2012,
1992,
1996,
1988,
1968,
1988,
2012,
1968,
2000,
2004,
2024,
2068,
2052,
2020,
2060,
1968,
1988,
1924,
1948,
1940,
1936,
1952,
1956,
1980,
1980,
2024,
1972,
2024,
2040,
2144,
2052,
1908,
1900,
1796,
1832,
1788,
1920,
1868,
2016,
1996,
2104,
2060,
2144,
2132,
2152,
2132,
2076,
2056,
2032,
2004,
2016,
1980,
1992,
2000,
1984,
1976,
1980,
1992,
1980,
1980,
1988,
1984,
2020,
2008,
1988,
1976,
1980,
1968,
1960,
1988,
2020,
2024,
2072,
2120,
2096,
2112,
1996,
1948,
1800,
1724,
1696,
1852,
1784,
1924,
1980,
2064,
2076,
2188,
2212,
2172,
2148,
2072,
2060,
2032,
2016,
1980,
1968,
1932,
1960,
1964,
1964,
1992,
1944,
1988,
1956,
1992,
1972,
2008,
2028,
2056,
2060,
2016,
2012,
1992,
2040,
1996,
2024,
1996,
1988,
1964,
1964,
1880,
1856,
1828,
1884,
1880,
1872,
1904,
2044,
2036,
2072,
1964,
1976,
1952,
2044,
2024,
2052,
2008,
2012,
2044,
2000,
2048,
1984,
2040,
2048,
2028,
2040,
2072,
2096,
2060,
2076,
2020,
2032,
2004,
1968,
1960,
1952,
1984,
1960,
1988,
2004,
2048,
2048,
2032,
2044,
2024,
2008,
1968,
1972,
1924,
1964,
1900,
1936,
1944,
1948,
1964,
2064,
2056,
2120,
2100,
2228,
2072,
2068,
1968,
1900,
1792,
1836,
1800,
1804,
1812,
1836,
1936,
1956,
2044,
2028,
2060,
2016,
2048,
2072,
2044,
2120,
2100,
2100,
2088,
2056,
2004,
1972,
1924,
1928,
1904,
1912,
1916,
1944,
1956,
1964,
1952,
1964,
1936,
1964,
1976,
1972,
1956,
1916,
1940,
1960,
1952,
1960,
1988,
1992,
2048,
2072,
1944,
2056,
1976,
2088,
1916,
2008,
1848,
1912,
1888,
1896,
1840,
1860,
1944,
1960,
2060,
2072,
2116,
2136,
2064,
2080,
1988,
1968,
1900,
1896,
1884,
1884,
1892,
1860,
1912,
1868,
1868,
1872,
1908,
1936,
1976,
2036,
2012,
2064,
2036,
2088,
2036,
2008,
1992,
1944,
1904,
1920,
1912,
1976,
2004,
1984,
2056,
2084,
2076,
2100,
2036,
1964,
1832,
1824,
1736,
1892,
1868,
1936,
1936,
1992,
1976,
1980,
1976,
1944,
1856,
1808,
1776,
1788,
1844,
1900,
1944,
1960,
2044,
2044,
2024,
1992,
2004,
1988,
1960,
1940,
1880,
1896,
1820,
1816,
1828,
1868,
1828,
1872,
1924,
1924,
2012,
1984,
1988,
1980,
2088,
1988,
1964,
1960,
1944,
1920,
1816,
1808,
1816,
1860,
1880,
1924,
1940,
1988,
2044,
2116,
2080,
2060,
1996,
1940,
1876,
1872,
1864,
1892,
1964,
2000,
2036,
2076,
2076,
2036,
1988,
1972,
1916,
1892,
1912,
1964,
1936,
1960,
2012,
2032,
2000,
2012,
1964,
1916,
1900,
1896,
1844,
1828,
1888,
1904,
1848,
1968,
2000,
1996,
2092,
2068,
2032,
1980,
1940,
1872,
1928,
1864,
1876,
1880,
1888,
1908,
1872,
1892,
1864,
1900,
1840,
1844,
1872,
1912,
1956,
2016,
2060,
2068,
2092,
2096,
2052,
2016,
1936,
1888,
1784,
1836,
1772,
1824,
1800,
1880,
1904,
1948,
1940,
1932,
1932,
1948,
1948,
1876,
1916,
2000,
2020,
2044,
1940,
1940,
1880,
1944,
1908,
1952,
1928,
1876,
1920,
1900,
1956,
1916,
2004,
1992,
1996,
1992,
1964,
1980,
1896,
1912,
1824,
1808,
1808,
1800,
1784,
1796,
1856,
1912,
1980,
2004,
2028,
2036,
2032,
2056,
1996,
2012,
1960,
1956,
1936,
1948,
1928,
1940,
1948,
1908,
1916,
1948,
1880,
1908,
1880,
2024,
1892,
1968,
1932,
1892,
1900,
1936,
1940,
1900,
1916,
1848,
1912,
1876,
1912,
1860,
1864,
1840,
1828,
1868,
1824,
1884,
1868,
1944,
1912,
1888,
1876,
1864,
1888,
1836,
1840,
1876,
1920,
1976,
1924,
1976,
1900,
2036,
1948,
2036,
1992,
2024,
2012,
2000,
1948,
1844,
1748,
1720,
1720,
1636,
1660,
1748,
1676,
1868,
1912,
2120,
2056,
2192,
2060,
2140,
2036,
2000,
1892,
1852,
1868,
1848,
1916,
1932,
2004,
2056,
1988,
2008,
1964,
1952,
1880,
1880,
1812,
1788,
1804,
1800,
1832,
1860,
1916,
1980,
2040,
2028,
2036,
2048,
2000,
2028,
1916,
1916,
1868,
1876,
1912,
1916,
1960,
2004,
2044,
2096,
2072,
1972,
1992,
1912,
1868,
1888,
1764,
1752,
1660,
1688,
1668,
1792,
1804,
1928,
1976,
2052,
2084,
2136,
2148,
2128,
2064,
2052,
1944,
1912,
1828,
1776,
1700,
1652,
1604,
1632,
1660,
1720,
1764,
1812,
1832,
1968,
2104,
2208,
2132,
2100,
2136,
2184,
2076,
1880,
1780,
1812,
1896,
1760,
1676,
1688,
1888,
1848,
1732,
1692,
1772,
1860,
1884,
1876,
1940,
2036,
2064,
2056,
2004,
2004,
2052,
2068,
2020,
1980,
1992,
1976,
1936,
1852,
1788,
1804,
1780,
1780,
1736,
1780,
1844,
1872,
1856,
1896,
1936,
1992,
1980,
1964,
1976,
2008,
1996,
2012,
1992,
2020,
2008,
1976,
1892,
1852,
1824,
1744,
1768,
1720,
1708,
1776,
1808,
1864,
1960,
1972,
1988,
1976,
1980,
1936,
2012,
1976,
2000,
1948,
1944,
1952,
1908,
1936,
1884,
1896,
1856,
1848,
1828,
1828,
1844,
1844,
1844,
1880,
1900,
1916,
1932,
1956,
1956,
1992,
1908,
1984,
1900,
1892,
1872,
1896,
1892,
1940,
1948,
1940,
1936,
1940,
1920,
1876,
1832,
1952,
1952,
1952,
1840,
1812,
1828,
1908,
1936,
1900,
1888,
1816,
1952,
1936,
2012,
1956,
2024,
1968,
1980,
1956,
1932,
1940,
1896,
1956,
1916,
1916,
1908,
1920,
1884,
1908,
1880,
1856,
1848,
1812,
1852,
1836,
1856,
1876,
1864,
1904,
1944,
1968,
2016,
2048,
2052,
2056,
2028,
1956,
1904,
1916,
1852,
1860,
1868,
1972,
1844,
1912,
1860,
1864,
1812,
1916,
1916,
1964,
1936,
1904,
1988,
1956,
1996,
2008,
1988,
1940,
1920,
1924,
1836,
1848,
1800,
1844,
1824,
1832,
1836,
1884,
1924,
1960,
1956,
1968,
1956,
1968,
1920,
1956,
1892,
1880,
1860,
1868,
1868,
1896,
1912,
1928,
1960,
2000,
1984,
1936,
1960,
1944,
1924,
1940,
1812,
1936,
1920,
2088,
1948,
2072,
1912,
2016,
1892,
1864,
1736,
1744,
1764,
1820,
1888,
1936,
1980,
2052,
2028,
2056,
2004,
1980,
1904,
1868,
1804,
1780,
1776,
1780,
1808,
1828,
1868,
1844,
1884,
1892,
1872,
1900,
1900,
1972,
1972,
2008,
1960,
1972,
1900,
1856,
1836,
1816,
1792,
1828,
1828,
1776,
1876,
1892,
1916,
1984,
1960,
1944,
1816,
1844,
1744,
1820,
1784,
1844,
1832,
1876,
1844,
1884,
1900,
1896,
1816,
1800,
1832,
1856,
1884,
1900,
1952,
2040,
2044,
2080,
2048,
2008,
1984,
1868,
1816,
1760,
1672,
1688,
1640,
1680,
1756,
1820,
1844,
1896,
1944,
1928,
2016,
2000,
2020,
1980,
2092,
2008,
1996,
1976,
1980,
1908,
1832,
1788,
1760,
1812,
1752,
1772,
1720,
1768,
1824,
1900,
1908,
1904,
1936,
1904,
1848,
1848,
1804,
1812,
1852,
1900,
1908,
1996,
1980,
1980,
1976,
1908,
1864,
1852,
1828,
1820,
1796,
1796,
1760,
1764,
1752,
1804,
1808,
1844,
1884,
1924,
1932,
1924,
1948,
1912,
1828,
1900,
1820,
1832,
1908,
1864,
1852,
1832,
1828,
1840,
1936,
1896,
1912,
1916,
1900,
1904,
1864,
1844,
1796,
1736,
1684,
1680,
1688,
1728,
1752,
1772,
1880,
1932,
1948,
1964,
1980,
1952,
1904,
1932,
1836,
1836,
1772,
1784,
1728,
1772,
1788,
1844,
1804,
1848,
1840,
1832,
1872,
1852,
1836,
1920,
1976,
1972,
1868,
1848,
1788,
1864,
1844,
1900,
1872,
1876,
1920,
1884,
1908,
1820,
1844,
1828,
1792,
1780,
1772,
1844,
1832,
1924,
1884,
1964,
1964,
1952,
1892,
1848,
1824,
1752,
1776,
1772,
1804,
1824,
1852,
1900,
1904,
1932,
1892,
1896,
1836,
1876,
1812,
1812,
1852,
1828,
1844,
1896,
1876,
1912,
1912,
2056,
1948,
1952,
1860,
1848,
1756,
1816,
1816,
1816,
1828,
1812,
1872,
1856,
1912,
1892,
1872,
1860,
1848,
1848,
1796,
1852,
1816,
1832,
1820,
1824,
1840,
1840,
1852,
1856,
1832,
1852,
1816,
1832,
1816,
1800,
1772,
1800,
1748,
1808,
1808,
1836,
1832,
1836,
1896,
1928,
1952,
1936,
1984,
1912,
1952,
1920,
1800,
1832,
1796,
1924,
1820,
1924,
1804,
1964,
1932,
1996,
1880,
1872,
1928,
1880,
1876,
1848,
1892,
1840,
1804,
1808,
1784,
1820,
1812,
1832,
1820,
1880,
1880,
1904,
1904,
1960,
2004,
2008,
1980,
1892,
1704,
1580,
1448,
1444,
1416,
1540,
1724,
1904,
2104,
2164,
2260,
2264,
2328,
2340,
2216,
1884,
1728,
1412,
1304,
1288,
1376,
1580,
1816,
2136,
2232,
2424,
2324,
2264,
2044,
1892,
1704,
1556,
1492,
1416,
1416,
1488,
1656,
1856,
2064,
2244,
2324,
2344,
2300,
2196,
2024,
1868,
1760,
1620,
1552,
1564,
1516,
1608,
1656,
1732,
1888,
2020,
2052,
2060,
2040,
1968,
1928,
1804,
1716,
1684,
1768,
1708,
1760,
1808,
1896,
1932,
1928,
1916,
1872,
1912,
1864,
1816,
1780,
1788,
1820,
1868,
1836,
1832,
1840,
1824,
1804,
1856,
1864,
1944,
1964,
2000,
1968,
1956,
1908,
1848,
1784,
1800,
1776,
1804,
1824,
1864,
1836,
1888,
1848,
1864,
1808,
1856,
1844,
1868,
1860,
1828,
1812,
1824,
1908,
1948,
1860,
1876,
1844,
1828,
1872,
1848,
1780,
1788,
1780,
1796,
1852,
1836,
1900,
1912,
1944,
1928,
1916,
1908,
1856,
1816,
1768,
1748,
1768,
1776,
1796,
1832,
1832,
1876,
1872,
1900,
1880,
1916,
1872,
1880,
1844,
1884,
1872,
1884,
1856,
1904,
1884,
1952,
1900,
1912,
1932,
1984,
1980,
1904,
1844,
1900,
1876,
1864,
1720,
1676,
1652,
1752,
1784,
1808,
1816,
1812,
1900,
1852,
1944,
1892,
1980,
1996,
2020,
2044,
2000,
2012,
1916,
1908,
1780,
1756,
1716,
1700,
1700,
1684,
1716,
1768,
1808,
1840,
1888,
1904,
1940,
1932,
1924,
1924,
1892,
1928,
1904,
1904,
1876,
1852,
1808,
1784,
1720,
1700,
1656,
1700,
1704,
1892,
1852,
1968,
1908,
1960,
1940,
1980,
1940,
1900,
1836,
1732,
1736,
1700,
1724,
1688,
1736,
1760,
1892,
1944,
2020,
2096,
2076,
2048,
1992,
1876,
1796,
1752,
1728,
1708,
1676,
1740,
1772,
1836,
1840,
1896,
1900,
1960,
1940,
1944,
1928,
1932,
1884,
1844,
1900,
1892,
1880,
1912,
1940,
1904,
1916,
1912,
1768,
1840,
1732,
1876,
1764,
1880,
1800,
1952,
1936,
1960,
1928,
1908,
1924,
1920,
1952,
1884,
1916,
1912,
1892,
1932,
1872,
1892,
1908,
1908,
1896,
1872,
1896,
1876,
1876,
1852,
1852,
1820,
1872,
1876,
1888,
1944,
1924,
1924,
1872,
1880,
1864,
1816,
1800,
1760,
1744,
1744,
1704,
1756,
1772,
1736,
1824,
1824,
1860,
1944,
1900,
1852,
1756,
1796,
1748,
1876,
1868,
1936,
1920,
1912,
1880,
1872,
1808,
1780,
1768,
1772,
1780,
1820,
1852,
1844,
1856,
1824,
1860,
1848,
1820,
1884,
1912,
1920,
1960,
1956,
1912,
1912,
1844,
1836,
1784,
1772,
1692,
1692,
1692,
1664,
1788,
1784,
1840,
1876,
2052,
1980,
1980,
1964,
1916,
1900,
1828,
1800,
1784,
1844,
1800,
1804,
1808,
1816,
1868,
1940,
1892,
1916,
1928,
1952,
1912,
1924,
1908,
1928,
1908,
1892,
1860,
1844,
1868,
1828,
1852,
1848,
1860,
1848,
1852,
1864,
1836,
1832,
1820,
1800,
1796,
1816,
1828,
1820,
1852,
1860,
1844,
1816,
1900,
1884,
1820,
1888,
1888,
1884,
1932,
1916,
1836,
1780,
1764,
1720,
1760,
1756,
1864,
1864,
1912,
1940,
1976,
2000,
1904,
1876,
1836,
1752,
1812,
1888,
1800,
1824,
1920,
1872,
1876,
1936,
1848,
1852,
1872,
1896,
1820,
1916,
1808,
1848,
1764,
1888,
1864,
1968,
1984,
2144,
2032,
2024,
2020,
1856,
1724,
1812,
1776,
1792,
1828,
1904,
1848,
2000,
2056,
1964,
1956,
1884,
1836,
1776,
1848,
1776,
1848,
1912,
1936,
1932,
1956,
2000,
1880,
1912,
1860,
1820,
1816,
1764,
1772,
1796,
1828,
1816,
1828,
1844,
1860,
1848,
1784,
1856,
1784,
1828,
1844,
1884,
1876,
1928,
1892,
1924,
1928,
1904,
1860,
1864,
1784,
1780,
1708,
1828,
1724,
1780,
1760,
1828,
1836,
1948,
1992,
2016,
1996,
1948,
1936,
1848,
1816,
1760,
1748,
1736,
1772,
1848,
1896,
2012,
2060,
2132,
2108,
2056,
1960,
1848,
1760,
1684,
1600,
1608,
1632,
1716,
1732,
1816,
1884,
1964,
1952,
1944,
1964,
1960,
1940,
1884,
1888,
1864,
1852,
1836,
1840,
1816,
1860,
1940,
1820,
1912,
1856,
1976,
1820,
1888,
1740,
1876,
1808,
1816,
1764,
1764,
1832,
1868,
1948,
1924,
1988,
2004,
1912,
1932,
1848,
1824,
1804,
1792,
1784,
1796,
1844,
1824,
1876,
1860,
1900,
1872,
1912,
1904,
1856,
1872,
1808,
1828,
1784,
1824,
1832,
1892,
1916,
1924,
1908,
1948,
1916,
1964,
1944,
1864,
1900,
1884,
1856,
1932,
1884,
1880,
1816,
1852,
1816,
1920,
1912,
1948,
1940,
1956,
1880,
1904,
1860,
1844,
1820,
1780,
1804,
1836,
1848,
1856,
1840,
1820,
1844,
1844,
1860,
1904,
1932,
1916,
1916,
1924,
1852,
1788,
1744,
1692,
1700,
1724,
1704,
1720,
1828,
1860,
1996,
1980,
1972,
1972,
2080,
1952,
1884,
1864,
1880,
1836,
1856,
1784,
1816,
1800,
1824,
1808,
1780,
1756,
1848,
1924,
1976,
1968,
2040,
1964,
1932,
1932,
1864,
1860,
1832,
1808,
1820,
1792,
1816,
1800,
1872,
1856,
1924,
1900,
1872,
1888,
1836,
1820,
1772,
1764,
1764,
1764,
1756,
1780,
1820,
1820,
1860,
1864,
1892,
1872,
1812,
1824,
1788,
1764,
1792,
1792,
1756,
1772,
1780,
1784,
1872,
1856,
1884,
1856,
1852,
1808,
1784,
1840,
1780,
1812,
1748,
1796,
1788,
1836,
1792,
1744,
1756,
1800,
1836,
1872,
1884,
1896,
1876,
1852,
1808,
1800,
1744,
1804,
1796,
1828,
1856,
1868,
1820,
1852,
1856,
1860,
1880,
1840,
1852,
1956,
1960,
1944,
1816,
1780,
1736,
1756,
1744,
1768,
1760,
1764,
1836,
1892,
1924,
1928,
1988,
1936,
1872,
1836,
1748,
1760,
1696,
1752,
1732,
1788,
1820,
1876,
1864,
1876,
1932,
1920,
1940,
1924,
1912,
1888,
1840,
1852,
1784,
1768,
1788,
1788,
1808,
1880,
1880,
1860,
1912,
1872,
1884,
1892,
1828,
1880,
1836,
1960,
1856,
1896,
1832,
1872,
1800,
1892,
1876,
1856,
1800,
1712,
1780,
1724,
1796,
1772,
1784,
1772,
1804,
1820,
1848,
1892,
1884,
1908,
1900,
1876,
1852,
1844,
1820,
1824,
1808,
1828,
1848,
1892,
1892,
1940,
1860,
1864,
1780,
1768,
1748,
1748,
1764,
1728,
1780,
1836,
1836,
1852,
1872,
1780,
1772,
1800,
1640,
1744,
1692,
1844,
1768,
1892,
1796,
1884,
1872,
1856,
1816,
1760,
1788,
1784,
1852,
1796,
1856,
1868,
1848,
1848,
1816,
1808,
1772,
1776,
1684,
1744,
1784,
1836,
1900,
1964,
1916,
1968,
1892,
1896,
1832,
1856,
1808,
1816,
1792,
1860,
1856,
1884,
1876,
1880,
1868,
1868,
1852,
1904,
1864,
1768,
1772,
1740,
1756,
1804,
1816,
1844,
1792,
1824,
1800,
1876,
1808,
1828,
1808,
1820,
1800,
1844,
1860,
1892,
1892,
1928,
1928,
1912,
1940,
1912,
1844,
1824,
1808,
1824,
1800,
1800,
1796,
1808,
1844,
1892,
1860,
1868,
1860,
1872,
1928,
1912,
1908,
1876,
1904,
1856,
1916,
1864,
1872,
1808,
1868,
1784,
1784,
1744,
1760,
1776,
1748,
1776,
1756,
1768,
1776,
1756,
1728,
1732,
1776,
1848,
1824,
1860,
1868,
1884,
1892,
1888,
1888,
1876,
1832,
1788,
1752,
1764,
1772,
1772,
1808,
1856,
1904,
1904,
1924,
1940,
1868,
1896,
1868,
1844,
1824,
1804,
1820,
1760,
1788,
1784,
1780,
1808,
1888,
1924,
1828,
1908,
1916,
1916,
1964,
1924,
1836,
1776,
1732,
1692,
1740,
1740,
1788,
1772,
1816,
1820,
1824,
1848,
1812,
1808,
1740,
1780,
1808,
1808,
1844,
1852,
1856,
1900,
1896,
1912,
1876,
1876,
1836,
1876,
1832,
1864,
1784,
1836,
1780,
1808,
1828,
1848,
1816,
1844,
1836,
1880,
1868,
1816,
1772,
1868,
1832,
1800,
1704,
1700,
1716,
1836,
1880,
1916,
1912,
1920,
1944,
1888,
1916,
1804,
1828,
1768,
1748,
1784,
1800,
1896,
1916,
2052,
2016,
2052,
2012,
1980,
1892,
1792,
1752,
1704,
1692,
1716,
1732,
1756,
1816,
1884,
1880,
1916,
1912,
1892,
1864,
1880,
1828,
1816,
1788,
1788,
1792,
1828,
1796,
1756,
1776,
1908,
1868,
1972,
1992,
1968,
1912,
1956,
1880,
1836,
1804,
1736,
1808,
1816,
1860,
1820,
1840,
1808,
1816,
1836,
1788,
1880,
1836,
1912,
1912,
1912,
1896,
1928,
1956,
1856,
1848,
1836,
1788,
1780,
1700,
1704,
1644,
1696,
1676,
1716,
1752,
1800,
1832,
1852,
1888,
1920,
1916,
1892,
1896,
1872,
1836,
1864,
1696,
1772,
1752,
1816,
1676,
1768,
1696,
1800,
1808,
1820,
1768,
1764,
1816,
1804,
1860,
1844,
1876,
1872,
1852,
1880,
1860,
1892,
1888,
1888,
1880,
1876,
1848,
1820,
1824,
1752,
1784,
1760,
1792,
1828,
1832,
1808,
1808,
1844,
1820,
1864,
1852,
1872,
1840,
1848,
1852,
1812,
1772,
1864,
1828,
1736,
1760,
1692,
1680,
1780,
1732,
1692,
1652,
1752,
1716,
1876,
1840,
1904,
1860,
1868,
1860,
1808,
1788,
1760,
1744,
1696,
1728,
1720,
1760,
1772,
1772,
1832,
1836,
1828,
1820,
1852,
1840,
1828,
1812,
1808,
1756,
1764,
1736,
1732,
1752,
1768,
1776,
1796,
1844,
1820,
1892,
1836,
1820,
1780,
1852,
1756,
1712,
1756,
1804,
1832,
1804,
1828,
1804,
1844,
1844,
1808,
1780,
1756,
1756,
1788,
1796,
1784,
1840,
1864,
1828,
1816,
1812,
1796,
1776,
1764,
1760,
1812,
1832,
1860,
1868,
1900,
1868,
1900,
1832,
1796,
1772,
1740,
1700,
1684,
1656,
1704,
1748,
1804,
1840,
1892,
1892,
1892,
1940,
1916,
1820,
1816,
1784,
1768,
1788,
1796,
1756,
1720,
1728,
1720,
1784,
1716,
1800,
1796,
1828,
1896,
1916,
1984,
1980,
1936,
1844,
1772,
1712,
1668,
1616,
1632,
1648,
1688,
1760,
1812,
1820,
1856,
1860,
1896,
1860,
1908,
1840,
1860,
1780,
1804,
1764,
1772,
1716,
1704,
1716,
1740,
1720,
1700,
1704,
1808,
1828,
1856,
1784,
1836,
1800,
1904,
1892,
1948,
1884,
1828,
1808,
1776,
1776,
1740,
1808,
1816,
1840,
1816,
1792,
1780,
1748,
1808,
1788,
1852,
1832,
1852,
1844,
1852,
1888,
1892,
1856,
1820,
1768,
1748,
1728,
1764,
1756,
1808,
1784,
1812,
1796,
1772,
1808,
1792,
1832,
1824,
1772,
1796,
1732,
1752,
1768,
1852,
1708,
1848,
1940,
2056,
1988,
2016,
1976,
2008,
1980,
1752,
1636,
1636,
1740,
1728,
1652,
1616,
1728,
1812,
1748,
1744,
1780,
1904,
1888,
1912,
1856,
1944,
1956,
1892,
1796,
1780,
1760,
1748,
1732,
1720,
1684,
1804,
1772,
1812,
1820,
1836,
1860,
1840,
1840,
1892,
1908,
1868,
1848,
1820,
1808,
1868,
1732,
1760,
1692,
1896,
1740,
1856,
1712,
1848,
1796,
1816,
1712,
1684,
1728,
1732,
1784,
1764,
1824,
1872,
1816,
1828,
1824,
1840,
1888,
1896,
1888,
1884,
1920,
1880,
1864,
1828,
1804,
1764,
1780,
1756,
1740,
1756,
1768,
1836,
1820,
1808,
1812,
1844,
1824,
1816,
1796,
1820,
1832,
1868,
1816,
1716,
1756,
1716,
1732,
1784,
1756,
1748,
1680,
1732,
1656,
1800,
1736,
1820,
1820,
1860,
1836,
1852,
1828,
1840,
1812,
1768,
1784,
1780,
1788,
1784,
1776,
1804,
1788,
1780,
1776,
1740,
1748,
1740,
1732,
1804,
1784,
1872,
1840,
1952,
1932,
1944,
1852,
1812,
1748,
1720,
1764,
1764,
1780,
1784,
1876,
1836,
1804,
1804,
1812,
1808,
1768,
1752,
1732,
1760,
1756,
1740,
1744,
1756,
1816,
1892,
1880,
1872,
1892,
1900,
1888,
1880,
1860,
1792,
1808,
1788,
1740,
1692,
1688,
1644,
1660,
1704,
1756,
1764,
1804,
1880,
1872,
1888,
1860,
1856,
1784,
1788,
1748,
1728,
1756,
1756,
1736,
1776,
1848,
1868,
1784,
1820,
1808,
1748,
1788,
1796,
1752,
1720,
1728,
1708,
1828,
1808,
1860,
1852,
1844,
1868,
1812,
1844,
1784,
1752,
1708,
1716,
1732,
1732,
1732,
1748,
1732,
1744,
1784,
1752,
1744,
1784,
1776,
1844,
1764,
1840,
1796,
1860,
1828,
1884,
1880,
1892,
1840,
1864,
1824,
1860,
1880,
1792,
1784,
1892,
1860,
1860,
1772,
1756,
1724,
1788,
1820,
1832,
1808,
1768,
1800,
1756,
1804,
1740,
1780,
1756,
1760,
1792,
1792,
1856,
1836,
1900,
1828,
1832,
1788,
1724,
1676,
1656,
1640,
1656,
1696,
1740,
1812,
1868,
1912,
1964,
1908,
1912,
1848,
1800,
1732,
1700,
1652,
1656,
1668,
1644,
1712,
1788,
1760,
1868,
1880,
2008,
1924,
2024,
1916,
1932,
1844,
1844,
1812,
1824,
1768,
1760,
1748,
1724,
1744,
1724,
1728,
1664,
1692,
1724,
1728,
1836,
1804,
1872,
1872,
1884,
1820,
1820,
1724,
1716,
1688,
1704,
1740,
1788,
1772,
1868,
1800,
1816,
1756,
1736,
1700,
1704,
1684,
1656,
1724,
1744,
1788,
1800,
1812,
1812,
1816,
1836,
1740,
1848,
1804,
1948,
1820,
1844,
1752,
1852,
1852,
1820,
1788,
1660,
1672,
1552,
1648,
1540,
1672,
1692,
1736,
1844,
1856,
1916,
1908,
1892,
1860,
1808,
1816,
1764,
1784,
1764,
1796,
1748,
1768,
1768,
1764,
1768,
1696,
1720,
1732,
1780,
1784,
1808,
1836,
1864,
1904,
1896,
1892,
1936,
1888,
1776,
1756,
1676,
1676,
1716,
1704,
1676,
1656,
1680,
1672,
1832,
1772,
1844,
1832,
1860,
1828,
1824,
1800,
1784,
1744,
1740,
1752,
1752,
1776,
1796,
1784,
1796,
1784,
1792,
1744,
1764,
1744,
1732,
1768,
1800,
1808,
1832,
1836,
1800,
1848,
1832,
1804,
1752,
1772,
1708,
1796,
1772,
1788,
1760,
1920,
1796,
1860,
1808,
1884,
1784,
1764,
1728,
1740,
1764,
1756,
1772,
1764,
1748,
1740,
1804,
1760,
1788,
1776,
1800,
1792,
1804,
1812,
1796,
1812,
1772,
1716,
1724,
1692,
1712,
1716,
1740,
1748,
1780,
1752,
1748,
1680,
1672,
1624,
1656,
1624,
1668,
1700,
1692,
1736,
1752,
1780,
1776,
1812,
1804,
1668,
1756,
1680,
1656,
1720,
1740,
1672,
1652,
1656,
1720,
1864,
1872,
1936,
1928,
1944,
1912,
1848,
1784,
1720,
1664,
1608,
1588,
1640,
1660,
1716,
1744,
1768,
1800,
1852,
1836,
1836,
1860,
1820,
1836,
1756,
1780,
1692,
1672,
1624,
1676,
1668,
1732,
1716,
1760,
1816,
1864,
1896,
1856,
1856,
1960,
1936,
1876,
1704,
1668,
1620,
1676,
1688,
1704,
1672,
1652,
1768,
1756,
1792,
1764,
1860,
1848,
1844,
1800,
1780,
1784,
1700,
1744,
1660,
1660,
1660,
1644,
1620,
1664,
1692,
1724,
1708,
1736,
1704,
1812,
1800,
1908,
1884,
1912,
1860,
1836,
1808,
1848,
1792,
1840,
1868,
1848,
1756,
1728,
1604,
1572,
1544,
1680,
1628,
1764,
1736,
1788,
1748,
1836,
1832,
1836,
1776,
1696,
1720,
1680,
1736,
1716,
1736,
1748,
1724,
1768,
1764,
1828,
1800,
1848,
1860,
1832,
1832,
1820,
1852,
1832,
1812,
1784,
1752,
1768,
1740,
1744,
1732,
1744,
1708,
1764,
1768,
1776,
1760,
1724,
1748,
1764,
1764,
1760,
1776,
1752,
1828,
1844,
1740,
1836,
1780,
1908,
1780,
1812,
1672,
1784,
1736,
1724,
1672,
1656,
1724,
1752,
1800,
1764,
1800,
1788,
1736,
1784,
1752,
1820,
1808,
1860,
1820,
1816,
1800,
1796,
1780,
1736,
1760,
1732,
1724,
1716,
1684,
1692,
1708,
1720,
1716,
1740,
1756,
1772,
1788,
1784,
1800,
1824,
1816,
1836,
1788,
1680,
1668,
1628,
1580,
1660,
1652,
1684,
1668,
1728,
1680,
1820,
1752,
1788,
1836,
1832,
1820,
1792,
1780,
1740,
1684,
1640,
1612,
1656,
1688,
1720,
1744,
1788,
1844,
1848,
1820,
1808,
1736,
1684,
1700,
1604,
1568,
1696,
1644,
1644,
1804,
1756,
1692,
1772,
1768,
1716,
1844,
1832,
1808,
1828,
1920,
1812,
1772,
1768,
1788,
1780,
1744,
1740,
1740,
1732,
1780,
1700,
1632,
1708,
1696,
1716,
1812,
1852,
1800,
1880,
1860,
1768,
1724,
1680,
1604,
1556,
1580,
1592,
1680,
1812,
1872,
1928,
1992,
1972,
1904,
1844,
1720,
1612,
1540,
1512,
1516,
1580,
1672,
1740,
1828,
1856,
1908,
1884,
1936,
1844,
1756,
1696,
1656,
1572,
1660,
1668,
1708,
1748,
1816,
1788,
1884,
1784,
1736,
1664,
1608,
1552,
1584,
1608,
1632,
1672,
1692,
1752,
1780,
1836,
1856,
1844,
1812,
1788,
1744,
1676,
1636,
1644,
1620,
1660,
1656,
1740,
1732,
1776,
1696,
1688,
1652,
1652,
1608,
1596,
1636,
1676,
1752,
1796,
1812,
1932,
1916,
1912,
1772,
1720,
1640,
1672,
1652,
1688,
1684,
1644,
1716,
1692,
1720,
1676,
1716,
1708,
1720,
1740,
1756,
1856,
1808,
1860,
1828,
1820,
1792,
1756,
1704,
1676,
1696,
1704,
1728,
1700,
1732,
1724,
1708,
1692,
1700,
1716,
1736,
1780,
1784,
1820,
1820,
1800,
1808,
1752,
1736,
1704,
1640,
1668,
1664,
1804,
1700,
1792,
1760,
1792,
1768,
1880,
1852,
1836,
1792,
1732,
1736,
1720,
1732,
1732,
1736,
1712,
1744,
1748,
1704,
1768,
1720,
1756,
1728,
1756,
1732,
1764,
1744,
1732,
1716,
1724,
1724,
1768,
1728,
1740,
1724,
1744,
1688,
1704,
1668,
1648,
1644,
1584,
1624,
1612,
1656,
1720,
1756,
1780,
1816,
1876,
1728,
1828,
1720,
1776,
1636,
1704,
1548,
1644,
1644,
1652,
1624,
1632,
1692,
1676,
1784,
1780,
1800,
1792,
1748,
1756,
1720,
1724,
1732,
1744,
1736,
1736,
1752,
1724,
1708,
1676,
1704,
1696,
1704,
1720,
1712,
1764,
1732,
1752,
1740,
1772,
1768,
1744,
1760,
1772,
1752,
1780,
1744,
1788,
1752,
1644,
1716,
1660,
1652,
1700,
1688,
1656,
1612,
1636,
1616,
1744,
1732,
1848,
1832,
1852,
1804,
1796,
1680,
1660,
1636,
1688,
1700,
1756,
1716,
1748,
1660,
1704,
1648,
1688,
1692,
1744,
1768,
1796,
1772,
1760,
1720,
1752,
1692,
1696,
1692,
1660,
1664,
1640,
1696,
1688,
1820,
1764,
1780,
1764,
1820,
1724,
1692,
1664,
1672,
1688,
1668,
1676,
1668,
1744,
1732,
1740,
1700,
1740,
1748,
1796,
1772,
1768,
1772,
1736,
1732,
1724,
1708,
1720,
1720,
1728,
1704,
1728,
1708,
1720,
1704,
1700,
1700,
1732,
1708,
1724,
1720,
1784,
1732,
1764,
1764,
1760,
1744,
1728,
1724,
1684,
1668,
1648,
1736,
1728,
1692,
1740,
1768,
1796,
1812,
1832,
1736,
1712,
1724,
1676,
1772,
1712,
1764,
1728,
1716,
1684,
1648,
1656,
1648,
1672,
1660,
1700,
1752,
1796,
1816,
1844,
1812,
1820,
1776,
1716,
1656,
1632,
1612,
1608,
1620,
1688,
1668,
1736,
1680,
1728,
1716,
1756,
1712,
1708,
1736,
1764,
1840,
1792,
1788,
1884,
1872,
1852,
1660,
1592,
1536,
1636,
1668,
1720,
1748,
1752,
1864,
1808,
1840,
1736,
1752,
1720,
1688,
1656,
1656,
1712,
1704,
1796,
1760,
1796,
1804,
1828,
1816,
1752,
1768,
1700,
1672,
1672,
1656,
1608,
1624,
1644,
1616,
1644,
1652,
1684,
1756,
1836,
1908,
1908,
1920,
1904,
1856,
1764,
1640,
1560,
1432,
1532,
1460,
1528,
1548,
1704,
1712,
1904,
1916,
1900,
1840,
1704,
1676,
1576,
1612,
1624,
1668,
1704,
1808,
1868,
1828,
1844,
1780,
1768,
1644,
1580,
1516,
1540,
1544,
1588,
1672,
1744,
1780,
1832,
1832,
1836,
1792,
1816,
1732,
1704,
1620,
1596,
1548,
1524,
1596,
1688,
1744,
1772,
1808,
1800,
1840,
1936,
1824,
1936,
1832,
1908,
1668,
1672,
1420,
1476,
1452,
1500,
1544,
1592,
1748,
1748,
1892,
1832,
1852,
1832,
1756,
1752,
1672,
1676,
1628,
1660,
1612,
1620,
1652,
1648,
1720,
1712,
1748,
1748,
1740,
1736,
1704,
1700,
1680,
1664,
1644,
1692,
1700,
1716,
1764,
1812,
1820,
1876,
1868,
1932,
1844,
1724,
1692,
1604,
1572,
1580,
1580,
1568,
1536,
1612,
1620,
1784,
1768,
1840,
1820,
1840,
1784,
1780,
1728,
1704,
1640,
1636,
1620,
1672,
1696,
1688,
1720,
1716,
1716,
1680,
1664,
1644,
1656,
1688,
1716,
1748,
1720,
1752,
1692,
1692,
1720,
1748,
1748,
1760,
1820,
1820,
1836,
1768,
1720,
1644,
1724,
1580,
1556,
1540,
1628,
1640,
1680,
1736,
1776,
1844,
1828,
1816,
1776,
1728,
1724,
1732,
1728,
1664,
1696,
1656,
1640,
1680,
1676,
1716,
1776,
1780,
1768,
1760,
1716,
1684,
1700,
1656,
1692,
1716,
1720,
1716,
1704,
1760,
1716,
1748,
1708,
1768,
1740,
1752,
1764,
1808,
1792,
1844,
1904,
1876,
1792,
1804,
1716,
1660,
1648,
1600,
1528,
1500,
1488,
1516,
1636,
1668,
1780,
1820,
1872,
1900,
1916,
1928,
1868,
1812,
1724,
1700,
1652,
1640,
1644,
1640,
1688,
1704,
1756,
1772,
1808,
1844,
1864,
1880,
1812,
1832,
1744,
1720,
1656,
1644,
1612,
1632,
1596,
1576,
1640,
1692,
1752,
1780,
1800,
1900,
1904,
1884,
1736,
1692,
1608,
1616,
1580,
1576,
1640,
1608,
1684,
1644,
1748,
1664,
1808,
1828,
1872,
1864,
1840,
1868,
1756,
1748,
1636,
1588,
1564,
1556,
1524,
1564,
1608,
1652,
1748,
1852,
1948,
1940,
1824,
1704,
1560,
1476,
1452,
1428,
1468,
1564,
1648,
1744,
1788,
1896,
1844,
1956,
1844,
1864,
1720,
1672,
1548,
1640,
1576,
1628,
1644,
1680,
1748,
1792,
1876,
1884,
1880,
1884,
1892,
1856,
1780,
1768,
1640,
1628,
1568,
1548,
1536,
1580,
1608,
1672,
1700,
1740,
1788,
1852,
1828,
1840,
1820,
1788,
1784,
1740,
1740,
1732,
1728,
1704,
1688,
1680,
1680,
1624,
1628,
1596,
1608,
1624,
1576,
1692,
1708,
1844,
1748,
1872,
1760,
1816,
1780,
1768,
1680,
1628,
1640,
1604,
1672,
1608,
1660,
1696,
1652,
1704,
1708,
1784,
1772,
1796,
1776,
1764,
1800,
1780,
1788,
1744,
1796,
1752,
1764,
1716,
1700,
1704,
1632,
1636,
1580,
1612,
1620,
1688,
1724,
1764,
1772,
1796,
1808,
1876,
1844,
1728,
1748,
1716,
1684,
1728,
1656,
1624,
1592,
1628,
1600,
1728,
1680,
1776,
1760,
1808,
1788,
1812,
1828,
1844,
1824,
1768,
1756,
1732,
1744,
1724,
1648,
1652,
1628,
1604,
1624,
1600,
1680,
1664,
1696,
1768,
1820,
1864,
1876,
1876,
1904,
1844,
1796,
1688,
1676,
1672,
1668,
1628,
1612,
1600,
1728,
1716,
1744,
1808,
1892,
1884,
1836,
1816,
1776,
1792,
1784,
1728,
1716,
1668,
1704,
1744,
1728,
1740,
1752,
1768,
1744,
1764,
1728,
1708,
1732,
1724,
1740,
1764,
1764,
1844,
1796,
1864,
1740,
1748,
1680,
1668,
