672,
684,
664,
676,
604,
644,
616,
632,
596,
576,
604,
624,
720,
700,
692,
664,
672,
616,
532,
556,
520,
440,
532,
576,
480,
468,
612,
672,
584,
576,
712,
740,
676,
688,
776,
724,
604,
644,
652,
556,
504,
616,
604,
500,
504,
716,
612,
448,
604,
664,
532,
424,
564,
584,
520,
556,
564,
632,
600,
672,
692,
724,
756,
804,
728,
676,
612,
532,
508,
456,
524,
604,
696,
732,
796,
820,
756,
772,
728,
684,
584,
556,
440,
452,
492,
548,
628,
596,
604,
552,
576,
564,
600,
656,
668,
704,
684,
668,
636,
648,
712,
692,
692,
736,
676,
632,
668,
704,
660,
620,
616,
600,
468,
472,
480,
516,
540,
592,
600,
612,
624,
656,
692,
684,
660,
656,
652,
632,
584,
564,
560,
564,
544,
548,
536,
576,
568,
612,
632,
636,
640,
660,
668,
648,
672,
632,
516,
528,
448,
448,
404,
520,
544,
580,
600,
628,
728,
704,
748,
688,
680,
640,
584,
524,
496,
528,
540,
516,
524,
584,
624,
672,
660,
580,
580,
604,
556,
564,
608,
640,
628,
684,
664,
676,
708,
696,
620,
592,
596,
596,
600,
628,
736,
804,
856,
800,
652,
652,
480,
488,
432,
552,
596,
664,
632,
632,
708,
704,
728,
648,
632,
596,
572,
564,
572,
628,
608,
624,
580,
576,
572,
528,
552,
540,
560,
580,
636,
624,
620,
632,
640,
668,
620,
584,
532,
576,
540,
532,
516,
548,
564,
560,
588,
616,
608,
660,
632,
740,
700,
684,
580,
652,
592,
600,
524,
560,
640,
676,
640,
584,
608,
556,
556,
552,
516,
520,
520,
620,
588,
628,
688,
724,
748,
748,
740,
724,
728,
728,
708,
640,
616,
608,
576,
564,
552,
592,
580,
560,
552,
544,
552,
564,
520,
504,
588,
588,
656,
696,
680,
716,
664,
696,
628,
732,
668,
672,
664,
640,
656,
588,
608,
556,
608,
576,
532,
568,
592,
604,
604,
636,
648,
716,
732,
752,
720,
704,
672,
616,
592,
584,
600,
552,
516,
524,
540,
560,
584,
576,
592,
616,
584,
600,
604,
616,
592,
676,
664,
640,
712,
688,
676,
660,
684,
624,
600,
580,
524,
524,
480,
556,
532,
552,
568,
584,
568,
632,
684,
668,
720,
696,
784,
744,
680,
596,
532,
500,
488,
504,
500,
532,
532,
600,
560,
572,
524,
548,
580,
584,
600,
632,
740,
736,
732,
712,
656,
604,
604,
612,
584,
528,
536,
532,
620,
632,
572,
516,
564,
700,
764,
808,
636,
572,
536,
592,
512,
460,
460,
532,
516,
580,
604,
640,
720,
664,
604,
552,
516,
516,
524,
588,
604,
676,
616,
664,
644,
668,
684,
684,
704,
660,
628,
508,
524,
500,
524,
548,
540,
712,
732,
704,
660,
756,
740,
664,
536,
480,
500,
492,
512,
444,
516,
572,
652,
660,
708,
696,
704,
688,
636,
676,
656,
644,
604,
552,
556,
576,
584,
580,
584,
600,
644,
672,
632,
668,
640,
672,
640,
612,
568,
560,
576,
572,
592,
564,
568,
584,
560,
588,
512,
604,
552,
604,
560,
568,
504,
536,
596,
596,
664,
608,
608,
604,
600,
564,
492,
492,
448,
456,
420,
404,
464,
480,
468,
496,
536,
512,
600,
596,
608,
640,
624,
616,
596,
588,
576,
596,
620,
672,
680,
704,
660,
620,
572,
560,
512,
576,
504,
612,
672,
632,
576,
704,
652,
664,
600,
496,
524,
560,
588,
568,
576,
604,
640,
596,
632,
692,
660,
688,
620,
632,
580,
532,
484,
452,
440,
444,
460,
476,
588,
608,
680,
732,
724,
720,
708,
716,
660,
616,
580,
600,
576,
600,
524,
488,
524,
508,
576,
596,
600,
672,
652,
724,
644,
728,
576,
600,
512,
548,
544,
568,
636,
620,
688,
660,
684,
676,
660,
672,
644,
652,
632,
684,
700,
676,
660,
604,
592,
540,
608,
620,
644,
684,
688,
656,
648,
652,
664,
688,
692,
704,
652,
620,
604,
640,
632,
676,
656,
620,
688,
644,
604,
524,
588,
528,
468,
416,
380,
448,
404,
460,
436,
536,
612,
660,
620,
604,
704,
684,
700,
620,
636,
608,
612,
568,
572,
600,
620,
644,
648,
692,
692,
728,
664,
664,
648,
640,
612,
520,
492,
436,
428,
400,
440,
488,
524,
580,
640,
752,
788,
792,
780,
720,
708,
660,
640,
596,
536,
556,
608,
612,
604,
604,
628,
648,
620,
612,
592,
612,
640,
660,
664,
696,
708,
632,
636,
600,
588,
556,
540,
576,
616,
660,
660,
652,
692,
664,
620,
584,
524,
524,
584,
588,
612,
608,
684,
696,
668,
716,
668,
640,
564,
632,
620,
576,
572,
572,
628,
564,
648,
668,
732,
716,
676,
596,
564,
588,
584,
628,
628,
660,
712,
668,
640,
660,
624,
572,
532,
604,
604,
616,
648,
756,
784,
780,
784,
816,
776,
680,
632,
604,
588,
568,
600,
628,
584,
540,
496,
572,
564,
644,
588,
640,
612,
644,
620,
600,
624,
548,
628,
588,
624,
644,
616,
600,
560,
604,
564,
604,
604,
612,
628,
652,
632,
620,
648,
640,
696,
652,
664,
668,
688,
680,
664,
672,
644,
660,
628,
616,
620,
656,
708,
700,
648,
660,
592,
616,
540,
572,
552,
572,
464,
600,
524,
580,
560,
604,
608,
592,
596,
556,
532,
520,
556,
548,
568,
636,
644,
688,
660,
656,
660,
660,
624,
584,
572,
600,
652,
664,
668,
660,
628,
632,
564,
556,
544,
584,
576,
588,
600,
608,
572,
564,
540,
540,
560,
564,
556,
544,
588,
600,
528,
576,
528,
616,
532,
600,
568,
592,
604,
584,
624,
600,
680,
620,
596,
620,
596,
612,
584,
620,
564,
564,
568,
580,
604,
604,
636,
652,
648,
624,
648,
652,
640,
632,
636,
628,
540,
556,
552,
588,
624,
680,
668,
708,
668,
712,
676,
624,
696,
700,
720,
696,
772,
688,
644,
588,
524,
552,
500,
580,
576,
568,
584,
592,
600,
668,
736,
696,
712,
692,
708,
676,
628,
576,
516,
548,
524,
564,
608,
624,
672,
744,
672,
652,
668,
680,
660,
592,
580,
552,
620,
604,
648,
632,
640,
660,
684,
660,
620,
636,
616,
628,
664,
652,
600,
596,
596,
600,
600,
544,
544,
564,
616,
640,
632,
672,
700,
720,
644,
600,
584,
520,
556,
568,
552,
608,
612,
588,
556,
592,
612,
644,
624,
568,
548,
552,
564,
588,
608,
620,
628,
544,
580,
476,
564,
564,
588,
624,
648,
676,
680,
732,
712,
700,
684,
612,
640,
616,
656,
540,
536,
592,
636,
692,
692,
728,
708,
748,
704,
704,
680,
616,
596,
556,
560,
540,
540,
516,
536,
560,
564,
608,
556,
604,
620,
628,
588,
560,
496,
472,
500,
504,
512,
476,
488,
548,
560,
696,
724,
1004,
856,
716,
652,
888,
924,
716,
552,
584,
868,
840,
748,
684,
756,
732,
536,
568,
692,
784,
540,
396,
564,
720,
648,
440,
472,
644,
752,
632,
568,
652,
700,
708,
660,
632,
632,
516,
436,
536,
588,
500,
536,
684,
612,
556,
524,
640,
496,
524,
516,
560,
448,
492,
504,
592,
564,
544,
608,
580,
548,
496,
540,
564,
596,
632,
676,
728,
692,
700,
640,
676,
648,
584,
532,
584,
576,
540,
548,
564,
612,
600,
632,
676,
656,
664,
708,
728,
684,
624,
608,
636,
644,
652,
596,
536,
644,
620,
664,
668,
692,
752,
732,
772,
652,
676,
556,
596,
560,
576,
620,
576,
628,
604,
660,
624,
664,
656,
636,
624,
572,
576,
508,
500,
496,
516,
556,
612,
624,
580,
592,
572,
560,
576,
544,
612,
644,
648,
644,
652,
656,
736,
744,
772,
732,
720,
652,
684,
684,
648,
664,
660,
676,
612,
620,
616,
596,
584,
540,
588,
600,
684,
668,
688,
724,
788,
772,
760,
748,
660,
604,
512,
512,
552,
612,
652,
656,
704,
724,
764,
736,
672,
664,
708,
616,
576,
556,
556,
556,
548,
620,
628,
692,
660,
712,
756,
724,
660,
588,
568,
492,
460,
448,
428,
476,
564,
552,
580,
692,
712,
740,
740,
708,
660,
624,
644,
608,
604,
592,
604,
596,
640,
664,
624,
656,
592,
568,
564,
548,
548,
516,
568,
600,
608,
588,
636,
652,
628,
608,
604,
632,
696,
700,
692,
732,
680,
656,
536,
356,
312,
252,
324,
376,
624,
764,
888,
952,
948,
1000,
956,
932,
780,
640,
420,
252,
188,
196,
352,
568,
808,
904,
1024,
1040,
1024,
972,
772,
612,
468,
312,
228,
188,
228,
336,
596,
792,
888,
956,
1024,
1000,
872,
756,
664,
588,
516,
476,
424,
392,
480,
548,
760,
744,
876,
832,
856,
740,
756,
640,
564,
500,
396,
424,
368,
444,
480,
600,
716,
740,
888,
872,
856,
712,
696,
644,
636,
644,
620,
624,
596,
628,
616,
584,
576,
620,
632,
560,
488,
516,
540,
484,
532,
560,
580,
620,
668,
680,
696,
660,
696,
600,
696,
724,
756,
624,
684,
636,
632,
576,
656,
680,
660,
664,
652,
604,
560,
620,
564,
560,
576,
500,
480,
440,
508,
568,
612,
676,
660,
716,
736,
760,
696,
660,
676,
684,
708,
676,
704,
684,
680,
756,
780,
776,
772,
800,
796,
688,
620,
608,
532,
528,
516,
452,
512,
520,
624,
568,
644,
596,
640,
620,
652,
616,
580,
612,
596,
668,
680,
664,
636,
624,
616,
600,
568,
588,
608,
592,
612,
572,
588,
588,
612,
644,
636,
668,
736,
740,
720,
680,
660,
620,
620,
572,
576,
616,
648,
648,
688,
688,
704,
700,
592,
668,
672,
664,
588,
708,
708,
680,
664,
564,
576,
532,
568,
540,
552,
612,
672,
684,
668,
644,
580,
576,
508,
488,
476,
512,
544,
604,
632,
632,
660,
652,
640,
588,
556,
496,
448,
500,
556,
572,
620,
656,
680,
748,
684,
644,
616,
644,
628,
540,
540,
504,
592,
604,
604,
648,
664,
652,
648,
672,
672,
656,
632,
628,
700,
656,
648,
636,
652,
640,
632,
612,
576,
580,
584,
616,
620,
636,
648,
648,
632,
668,
696,
692,
712,
624,
576,
568,
572,
584,
576,
556,
576,
632,
604,
600,
500,
592,
600,
492,
520,
548,
608,
592,
648,
596,
568,
524,
516,
596,
576,
656,
684,
744,
756,
800,
776,
728,
736,
700,
612,
500,
524,
524,
532,
604,
596,
628,
632,
620,
616,
600,
556,
508,
576,
548,
644,
572,
636,
560,
564,
556,
548,
608,
604,
728,
680,
700,
632,
612,
672,
576,
656,
548,
612,
584,
740,
692,
684,
740,
704,
720,
596,
612,
556,
600,
540,
516,
608,
564,
576,
556,
552,
572,
616,
656,
652,
652,
648,
696,
656,
672,
664,
696,
692,
656,
612,
516,
636,
612,
528,
548,
752,
708,
604,
600,
684,
648,
604,
576,
688,
628,
620,
540,
632,
544,
572,
616,
636,
660,
788,
876,
728,
704,
808,
852,
676,
664,
804,
748,
680,
600,
660,
612,
612,
600,
560,
532,
536,
592,
620,
640,
672,
648,
608,
508,
516,
456,
460,
420,
404,
440,
524,
584,
688,
760,
756,
824,
796,
680,
600,
572,
512,
428,
380,
340,
468,
488,
584,
600,
624,
604,
556,
532,
476,
580,
560,
596,
568,
548,
572,
596,
684,
684,
688,
688,
696,
700,
708,
684,
676,
648,
632,
660,
676,
704,
680,
736,
748,
732,
692,
648,
640,
604,
604,
524,
480,
392,
456,
492,
484,
516,
536,
584,
568,
648,
668,
672,
696,
652,
720,
600,
608,
540,
608,
604,
648,
644,
600,
616,
560,
540,
524,
540,
548,
604,
656,
668,
740,
736,
760,
676,
628,
604,
636,
588,
524,
480,
508,
580,
580,
632,
632,
744,
708,
708,
732,
764,
740,
700,
656,
600,
580,
552,
504,
548,
596,
572,
592,
612,
580,
612,
600,
588,
600,
580,
580,
560,
520,
512,
540,
548,
528,
540,
568,
592,
592,
556,
560,
616,
588,
584,
600,
628,
684,
652,
640,
604,
576,
516,
496,
500,
512,
440,
460,
564,
500,
444,
564,
728,
708,
468,
576,
736,
784,
544,
480,
652,
620,
456,
324,
560,
652,
580,
412,
568,
680,
668,
568,
520,
688,
664,
596,
580,
664,
732,
668,
592,
612,
640,
576,
508,
488,
500,
536,
444,
512,
540,
664,
632,
564,
628,
696,
716,
640,
564,
584,
564,
568,
516,
660,
608,
676,
580,
616,
584,
648,
544,
504,
484,
436,
472,
420,
468,
508,
600,
632,
656,
692,
720,
748,
692,
652,
612,
516,
520,
512,
540,
504,
544,
592,
624,
584,
584,
588,
596,
584,
540,
556,
516,
532,
532,
512,
532,
560,
540,
576,
540,
560,
492,
620,
592,
620,
540,
648,
596,
652,
644,
628,
644,
592,
588,
608,
628,
604,
644,
616,
596,
608,
592,
652,
580,
604,
584,
588,
560,
564,
580,
572,
596,
628,
640,
608,
604,
608,
548,
548,
532,
584,
604,
652,
712,
716,
720,
696,
640,
600,
656,
600,
556,
584,
564,
660,
628,
680,
576,
680,
608,
644,
592,
584,
580,
576,
612,
584,
620,
584,
612,
584,
596,
540,
508,
480,
484,
528,
556,
616,
648,
664,
676,
604,
584,
552,
544,
548,
540,
580,
556,
592,
604,
632,
656,
676,
640,
604,
604,
616,
640,
744,
764,
732,
812,
724,
684,
572,
612,
580,
612,
624,
612,
628,
556,
552,
496,
556,
596,
620,
556,
548,
508,
464,
492,
456,
472,
504,
560,
596,
612,
632,
552,
560,
572,
532,
512,
584,
616,
684,
744,
728,
696,
660,
652,
612,
640,
596,
628,
632,
708,
708,
676,
680,
616,
604,
580,
556,
620,
588,
620,
616,
684,
684,
688,
664,
656,
648,
580,
612,
612,
612,
576,
596,
584,
632,
692,
680,
632,
588,
568,
580,
628,
588,
580,
580,
572,
580,
588,
636,
636,
672,
676,
596,
612,
604,
628,
576,
580,
548,
612,
644,
584,
604,
556,
616,
548,
656,
600,
652,
632,
616,
680,
584,
564,
484,
508,
500,
588,
612,
608,
656,
652,
624,
600,
644,
660,
692,
628,
592,
580,
500,
492,
476,
504,
508,
544,
584,
596,
604,
612,
620,
600,
580,
596,
616,
640,
628,
660,
612,
564,
536,
512,
600,
516,
588,
484,
560,
564,
632,
564,
520,
536,
532,
588,
456,
480,
500,
556,
596,
644,
668,
632,
616,
588,
540,
512,
504,
552,
488,
540,
568,
660,
656,
708,
688,
672,
668,
660,
672,
648,
604,
560,
524,
496,
536,
548,
580,
584,
624,
632,
652,
544,
636,
600,
624,
544,
684,
680,
684,
588,
612,
624,
644,
596,
516,
540,
564,
656,
628,
592,
628,
576,
560,
492,
540,
596,
688,
732,
744,
756,
768,
800,
748,
704,
616,
572,
592,
616,
652,
656,
772,
768,
784,
728,
704,
660,
636,
624,
596,
620,
536,
512,
484,
496,
528,
548,
608,
572,
688,
616,
628,
544,
520,
508,
452,
476,
472,
564,
560,
588,
584,
616,
616,
560,
532,
512,
508,
452,
444,
428,
460,
544,
556,
588,
604,
632,
592,
596,
604,
584,
580,
576,
580,
576,
568,
524,
508,
508,
532,
544,
620,
656,
632,
692,
676,
672,
656,
756,
748,
744,
712,
676,
700,
680,
744,
708,
716,
716,
712,
700,
604,
580,
480,
464,
452,
540,
512,
532,
660,
756,
728,
692,
748,
708,
660,
588,
604,
612,
572,
540,
552,
604,
600,
628,
596,
628,
592,
588,
576,
564,
528,
532,
552,
520,
552,
600,
604,
628,
620,
620,
600,
584,
568,
564,
536,
500,
520,
540,
576,
568,
644,
684,
724,
680,
644,
608,
572,
612,
616,
640,
684,
704,
660,
612,
592,
608,
580,
532,
588,
616,
628,
652,
640,
696,
728,
720,
648,
592,
552,
572,
496,
412,
468,
492,
540,
520,
620,
612,
660,
636,
620,
612,
528,
580,
500,
468,
488,
504,
544,
656,
736,
748,
728,
600,
632,
616,
548,
540,
460,
476,
520,
508,
468,
460,
448,
464,
516,
524,
596,
604,
684,
652,
668,
640,
656,
636,
588,
588,
540,
512,
480,
408,
520,
480,
604,
572,
628,
532,
572,
572,
620,
648,
580,
632,
640,
704,
672,
612,
552,
492,
540,
520,
548,
520,
544,
544,
580,
608,
592,
604,
584,
616,
632,
644,
628,
628,
604,
600,
616,
604,
592,
568,
568,
576,
592,
632,
664,
652,
664,
544,
584,
536,
624,
644,
680,
572,
680,
728,
760,
704,
648,
632,
620,
544,
416,
380,
368,
408,
464,
524,
536,
528,
668,
680,
652,
684,
808,
828,
716,
668,
688,
708,
608,
636,
616,
588,
512,
508,
588,
608,
632,
732,
792,
816,
768,
760,
732,
684,
616,
616,
500,
436,
380,
380,
460,
504,
612,
604,
752,
684,
704,
612,
588,
592,
556,
580,
544,
608,
616,
656,
668,
696,
660,
564,
508,
452,
440,
412,
424,
500,
556,
608,
584,
616,
692,
760,
748,
636,
556,
524,
632,
672,
676,
664,
660,
644,
664,
640,
624,
576,
624,
576,
512,
556,
568,
588,
496,
576,
604,
636,
676,
688,
748,
696,
716,
560,
556,
548,
516,
548,
616,
716,
748,
796,
728,
784,
792,
840,
788,
668,
612,
484,
444,
392,
364,
372,
512,
584,
628,
692,
724,
776,
828,
848,
760,
788,
660,
680,
660,
592,
524,
488,
488,
488,
508,
532,
520,
544,
616,
604,
608,
664,
712,
772,
756,
712,
684,
624,
660,
620,
564,
440,
432,
404,
432,
452,
508,
616,
636,
692,
744,
736,
672,
636,
552,
520,
492,
472,
512,
524,
556,
584,
596,
600,
656,
668,
648,
672,
652,
760,
780,
704,
764,
732,
724,
660,
752,
692,
680,
588,
524,
588,
528,
560,
572,
648,
648,
628,
612,
564,
516,
452,
464,
444,
532,
572,
660,
756,
748,
760,
748,
772,
708,
628,
540,
448,
504,
480,
500,
532,
604,
628,
620,
580,
632,
652,
624,
620,
600,
556,
564,
524,
624,
580,
704,
680,
732,
712,
728,
660,
600,
632,
636,
692,
628,
604,
584,
568,
572,
548,
560,
516,
524,
504,
580,
604,
608,
652,
644,
640,
620,
680,
684,
724,
724,
704,
716,
688,
624,
572,
536,
520,
572,
576,
600,
676,
684,
720,
796,
744,
704,
588,
676,
652,
632,
540,
600,
556,
596,
540,
604,
620,
648,
636,
628,
588,
564,
568,
512,
488,
532,
592,
644,
636,
704,
712,
760,
700,
664,
612,
612,
604,
620,
600,
584,
636,
668,
644,
692,
676,
688,
676,
628,
604,
592,
584,
580,
588,
544,
568,
536,
536,
496,
488,
484,
488,
592,
580,
684,
616,
672,
564,
560,
532,
532,
612,
564,
624,
648,
660,
712,
740,
776,
772,
776,
744,
732,
736,
760,
704,
728,
764,
756,
744,
716,
720,
740,
740,
748,
692,
652,
612,
572,
556,
548,
536,
564,
548,
608,
640,
684,
640,
580,
588,
604,
568,
500,
584,
584,
552,
588,
584,
736,
676,
612,
500,
476,
616,
688,
616,
484,
440,
408,
464,
420,
504,
528,
572,
600,
608,
628,
656,
708,
672,
640,
568,
592,
520,
540,
532,
636,
684,
680,
704,
680,
736,
740,
808,
800,
800,
780,
712,
652,
536,
512,
604,
632,
632,
620,
580,
576,
644,
656,
712,
660,
616,
640,
612,
616,
544,
536,
500,
524,
564,
580,
584,
548,
588,
568,
496,
472,
484,
468,
452,
432,
380,
464,
408,
408,
456,
532,
620,
604,
708,
852,
812,
604,
672,
868,
948,
716,
476,
632,
760,
696,
476,
580,
696,
712,
576,
620,
840,
744,
584,
504,
756,
784,
640,
520,
648,
808,
780,
692,
644,
716,
696,
612,
632,
632,
616,
560,
556,
604,
652,
560,
572,
640,
648,
616,
628,
696,
704,
652,
624,
628,
668,
612,
588,
596,
672,
636,
556,
640,
540,
652,
616,
672,
676,
780,
776,
792,
788,
736,
804,
684,
648,
560,
508,
504,
516,
576,
540,
604,
620,
652,
640,
616,
676,
680,
760,
744,
748,
700,
660,
612,
572,
568,
536,
552,
556,
620,
616,
652,
632,
640,
644,
632,
604,
580,
548,
604,
572,
708,
732,
756,
624,
732,
672,
700,
668,
680,
704,
748,
732,
708,
676,
636,
660,
600,
596,
612,
616,
684,
628,
612,
616,
600,
576,
568,
580,
540,
584,
564,
564,
524,
516,
532,
508,
536,
556,
648,
648,
664,
664,
644,
680,
692,
656,
624,
700,
640,
660,
624,
584,
600,
548,
576,
532,
624,
552,
580,
544,
576,
564,
564,
608,
588,
668,
660,
672,
664,
656,
656,
620,
584,
552,
556,
480,
476,
496,
492,
548,
568,
608,
664,
672,
652,
600,
576,
524,
492,
484,
528,
540,
584,
648,
668,
616,
688,
640,
712,
640,
588,
636,
616,
640,
588,
644,
632,
676,
692,
728,
764,
684,
684,
640,
648,
608,
640,
632,
660,
708,
680,
692,
620,
668,
664,
672,
724,
704,
704,
660,
664,
604,
596,
572,
668,
676,
680,
684,
704,
696,
644,
636,
612,
648,
628,
648,
644,
672,
648,
608,
600,
604,
640,
632,
624,
612,
660,
652,
652,
688,
700,
748,
720,
692,
676,
608,
596,
544,
504,
528,
584,
596,
628,
600,
644,
668,
668,
668,
640,
616,
592,
572,
604,
600,
612,
624,
620,
600,
588,
580,
588,
608,
640,
724,
664,
700,
684,
736,
692,
620,
684,
588,
536,
528,
604,
484,
476,
576,
580,
532,
516,
652,
596,
544,
536,
604,
624,
636,
656,
648,
656,
648,
808,
716,
664,
680,
696,
588,
588,
700,
636,
556,
624,
680,
636,
532,
588,
608,
548,
476,
488,
460,
452,
512,
552,
580,
584,
660,
720,
652,
708,
596,
640,
620,
704,
688,
736,
692,
704,
744,
684,
656,
596,
668,
660,
688,
704,
664,
692,
704,
728,
700,
692,
632,
580,
576,
528,
564,
536,
584,
544,
548,
520,
600,
632,
604,
632,
664,
688,
676,
720,
696,
712,
668,
664,
616,
576,
532,
524,
440,
604,
604,
632,
552,
636,
644,
688,
612,
636,
676,
680,
736,
716,
740,
748,
800,
708,
624,
612,
548,
596,
556,
568,
560,
608,
664,
648,
664,
648,
632,
608,
620,
588,
604,
640,
628,
592,
632,
616,
604,
596,
608,
636,
648,
704,
736,
708,
748,
640,
652,
568,
556,
576,
548,
564,
528,
644,
612,
684,
664,
680,
620,
588,
640,
632,
720,
672,
688,
648,
664,
664,
620,
648,
684,
712,
680,
676,
640,
620,
604,
632,
616,
608,
608,
588,
608,
636,
632,
660,
664,
660,
604,
640,
672,
684,
672,
688,
660,
792,
844,
856,
920,
832,
824,
680,
696,
664,
612,
644,
664,
696,
680,
720,
680,
708,
716,
728,
712,
712,
748,
724,
784,
724,
704,
676,
696,
636,
540,
524,
528,
580,
580,
576,
592,
632,
604,
636,
632,
644,
640,
628,
640,
612,
660,
612,
596,
552,
552,
556,
512,
536,
500,
508,
556,
544,
584,
616,
632,
592,
608,
540,
500,
480,
472,
516,
584,
632,
656,
696,
720,
752,
744,
752,
776,
724,
720,
664,
632,
688,
668,
668,
680,
648,
640,
648,
624,
628,
652,
620,
540,
532,
504,
540,
584,
560,
668,
620,
716,
732,
648,
688,
668,
680,
624,
720,
672,
616,
592,
620,
732,
688,
692,
620,
624,
576,
564,
496,
504,
508,
516,
520,
536,
600,
632,
628,
600,
544,
504,
496,
564,
596,
604,
604,
584,
612,
656,
708,
712,
728,
644,
584,
556,
532,
544,
548,
604,
640,
612,
616,
676,
748,
680,
772,
728,
764,
688,
768,
712,
688,
652,
604,
648,
620,
592,
584,
556,
576,
572,
644,
624,
640,
640,
648,
656,
668,
688,
636,
684,
684,
696,
688,
732,
660,
620,
628,
596,
580,
528,
512,
480,
432,
416,
524,
588,
664,
692,
692,
656,
736,
660,
688,
664,
664,
572,
680,
592,
604,
536,
556,
560,
556,
628,
640,
612,
548,
592,
580,
592,
648,
620,
648,
540,
580,
600,
648,
612,
632,
672,
644,
616,
588,
588,
572,
568,
552,
516,
540,
600,
724,
776,
784,
780,
720,
624,
552,
484,
424,
404,
320,
356,
420,
472,
588,
532,
652,
592,
684,
604,
640,
676,
744,
764,
716,
696,
656,
712,
636,
640,
620,
608,
644,
644,
676,
676,
676,
656,
664,
636,
612,
616,
616,
632,
616,
596,
600,
608,
604,
580,
580,
608,
628,
660,
688,
732,
760,
728,
732,
696,
688,
660,
580,
656,
648,
632,
520,
600,
536,
540,
520,
512,
548,
556,
592,
552,
640,
652,
664,
656,
652,
676,
612,
632,
596,
628,
592,
564,
572,
576,
576,
584,
640,
620,
624,
648,
664,
612,
604,
636,
704,
728,
664,
688,
684,
756,
720,
668,
604,
540,
504,
464,
464,
472,
552,
624,
708,
788,
824,
844,
848,
788,
712,
668,
612,
568,
584,
568,
584,
520,
536,
572,
612,
612,
600,
616,
644,
656,
652,
660,
704,
764,
772,
772,
776,
788,
804,
772,
760,
680,
632,
584,
544,
508,
480,
472,
452,
504,
528,
596,
624,
576,
628,
640,
700,
664,
744,
728,
704,
640,
548,
588,
548,
568,
492,
568,
624,
652,
672,
696,
732,
668,
648,
616,
600,
600,
616,
620,
556,
596,
628,
628,
680,
776,
764,
728,
744,
644,
620,
672,
712,
652,
660,
660,
660,
672,
640,
644,
636,
652,
648,
604,
676,
600,
720,
708,
764,
708,
732,
688,
644,
632,
540,
544,
492,
556,
568,
624,
680,
672,
732,
680,
672,
588,
644,
664,
648,
660,
636,
656,
676,
696,
692,
668,
624,
624,
660,
644,
636,
632,
668,
672,
624,
572,
536,
544,
556,
532,
616,
580,
620,
540,
620,
640,
636,
588,
704,
696,
692,
604,
572,
600,
632,
644,
644,
640,
624,
680,
680,
668,
664,
672,
744,
704,
748,
712,
712,
684,
692,
676,
648,
660,
672,
660,
616,
644,
660,
660,
708,
740,
780,
772,
720,
760,
720,
652,
668,
604,
484,
536,
520,
544,
556,
640,
748,
700,
700,
664,
776,
648,
628,
608,
656,
652,
604,
620,
660,
672,
612,
624,
604,
640,
644,
652,
720,
752,
748,
708,
696,
648,
628,
528,
512,
524,
576,
572,
556,
536,
592,
608,
616,
628,
612,
580,
564,
632,
684,
688,
740,
712,
776,
756,
648,
660,
628,
604,
504,
552,
516,
568,
620,
672,
684,
616,
596,
516,
500,
532,
524,
540,
564,
592,
608,
644,
564,
592,
596,
640,
644,
656,
688,
664,
632,
568,
540,
548,
596,
564,
588,
552,
576,
600,
636,
632,
628,
692,
632,
660,
748,
756,
732,
720,
752,
708,
712,
728,
700,
748,
812,
764,
704,
704,
672,
668,
628,
584,
580,
576,
556,
560,
588,
556,
584,
612,
576,
580,
572,
616,
596,
620,
644,
664,
628,
580,
556,
576,
544,
544,
556,
568,
568,
568,
536,
532,
580,
620,
592,
600,
616,
712,
712,
632,
632,
628,
644,
564,
672,
680,
716,
744,
732,
804,
696,
764,
672,
700,
688,
664,
608,
600,
596,
576,
644,
588,
636,
660,
676,
656,
612,
616,
628,
668,
648,
724,
740,
712,
700,
668,
676,
620,
672,
632,
592,
528,
508,
540,
544,
596,
580,
596,
580,
580,
676,
576,
644,
564,
616,
564,
620,
592,
616,
620,
556,
564,
500,
504,
508,
528,
588,
600,
644,
612,
680,
644,
640,
636,
616,
628,
596,
556,
592,
660,
668,
712,
732,
752,
744,
720,
668,
600,
660,
628,
636,
612,
648,
612,
712,
668,
696,
648,
672,
512,
600,
584,
620,
540,
644,
592,
660,
608,
568,
576,
596,
644,
628,
664,
664,
696,
696,
664,
644,
616,
640,
572,
608,
628,
644,
604,
608,
616,
632,
660,
644,
680,
684,
700,
720,
696,
632,
608,
608,
532,
508,
516,
572,
632,
620,
596,
512,
552,
536,
544,
560,
500,
532,
488,
532,
456,
592,
524,
628,
688,
724,
740,
708,
680,
548,
576,
532,
512,
544,
580,
632,
644,
680,
660,
708,
660,
668,
664,
672,
684,
676,
648,
576,
564,
576,
584,
556,
596,
624,
628,
636,
668,
672,
676,
656,
608,
612,
564,
592,
584,
480,
528,
556,
600,
588,
676,
656,
660,
612,
596,
664,
648,
712,
668,
668,
636,
672,
652,
652,
636,
568,
532,
492,
524,
512,
548,
572,
576,
588,
588,
652,
620,
596,
564,
572,
516,
540,
564,
592,
588,
576,
612,
664,
712,
660,
632,
576,
556,
568,
504,
484,
472,
540,
576,
580,
636,
724,
744,
668,
644,
608,
612,
548,
516,
488,
460,
524,
500,
496,
504,
584,
556,
548,
640,
688,
696,
676,
648,
592,
600,
592,
592,
588,
612,
616,
632,
596,
576,
604,
588,
552,
508,
500,
520,
544,
568,
540,
636,
692,
704,
820,
804,
788,
724,
808,
736,
716,
628,
588,
636,
584,
616,
576,
596,
612,
600,
600,
608,
644,
624,
620,
520,
524,
512,
580,
596,
628,
604,
612,
676,
636,
640,
584,
540,
616,
592,
600,
584,
596,
536,
488,
488,
548,
564,
592,
640,
636,
632,
624,
596,
664,
624,
696,
596,
644,
564,
568,
504,
524,
556,
552,
608,
624,
696,
724,
736,
724,
660,
692,
652,
628,
584,
592,
592,
576,
592,
612,
680,
656,
656,
584,
552,
496,
480,
468,
420,
412,
412,
464,
520,
568,
572,
632,
672,
660,
644,
616,
648,
692,
576,
672,
668,
628,
508,
656,
660,
676,
648,
668,
668,
604,
596,
576,
584,
580,
636,
640,
616,
696,
700,
696,
668,
700,
644,
640,
588,
592,
596,
620,
636,
628,
632,
600,
644,
636,
652,
692,
680,
640,
660,
620,
552,
552,
576,
596,
624,
644,
684,
644,
660,
664,
652,
648,
600,
636,
544,
668,
612,
660,
608,
648,
644,
644,
672,
616,
616,
584,
568,
584,
604,
644,
616,
592,
564,
596,
636,
668,
648,
640,
692,
620,
616,
604,
668,
680,
728,
736,
736,
724,
644,
552,
520,
520,
536,
592,
572,
592,
572,
644,
644,
588,
692,
688,
708,
676,
788,
712,
668,
612,
544,
568,
432,
424,
388,
416,
468,
544,
600,
648,
668,
604,
688,
620,
664,
664,
728,
724,
660,
656,
620,
652,
604,
564,
516,
552,
472,
480,
536,
552,
544,
480,
520,
492,
508,
504,
504,
516,
548,
588,
652,
696,
684,
680,
692,
664,
664,
644,
552,
536,
548,
556,
536,
552,
580,
616,
668,
720,
712,
716,
708,
712,
668,
684,
684,
684,
712,
680,
712,
732,
768,
748,
772,
764,
708,
704,
696,
656,
652,
616,
632,
584,
588,
568,
588,
484,
548,
540,
636,
616,
532,
552,
548,
520,
436,
512,
488,
516,
452,
484,
532,
540,
600,
544,
540,
520,
508,
468,
492,
520,
472,
528,
468,
500,
452,
492,
520,
552,
604,
632,
628,
592,
560,
512,
524,
552,
540,
572,
600,
644,
664,
628,
608,
640,
672,
676,
652,
588,
572,
596,
548,
684,
624,
788,
704,
744,
620,
640,
548,
528,
576,
520,
576,
540,
564,
576,
600,
596,
576,
588,
580,
616,
576,
580,
620,
664,
696,
680,
672,
660,
652,
556,
444,
384,
404,
412,
384,
392,
412,
504,
540,
576,
592,
568,
568,
588,
616,
648,
640,
676,
516,
532,
580,
652,
504,
452,
556,
768,
628,
388,
460,
652,
624,
408,
424,
648,
780,
552,
428,
612,
640,
512,
292,
384,
516,
560,
452,
500,
680,
756,
732,
700,
800,
828,
756,
640,
580,
616,
568,
556,
532,
552,
572,
588,
596,
656,
664,
604,
612,
596,
620,
572,
536,
588,
632,
644,
580,
664,
592,
664,
680,
708,
660,
656,
640,
564,
584,
524,
544,
532,
472,
504,
496,
540,
524,
608,
608,
668,
676,
660,
684,
640,
616,
568,
568,
556,
524,
508,
456,
504,
548,
612,
644,
700,
688,
684,
668,
700,
600,
668,
652,
568,
612,
556,
564,
508,
544,
536,
532,
568,
560,
616,
552,
600,
532,
536,
524,
488,
464,
604,
648,
560,
596,
648,
640,
560,
576,
636,
540,
500,
580,
740,
760,
724,
812,
896,
656,
544,
672,
836,
832,
604,
484,
640,
848,
696,
468,
484,
648,
536,
372,
592,
812,
732,
456,
520,
780,
748,
552,
496,
652,
784,
680,
548,
548,
608,
572,
468,
488,
576,
536,
500,
504,
616,
648,
600,
612,
636,
572,
524,
552,
628,
552,
532,
588,
636,
656,
660,
672,
744,
756,
724,
604,
532,
540,
596,
644,
632,
732,
708,
560,
624,
616,
632,
560,
672,
656,
616,
620,
616,
676,
584,
568,
504,
540,
568,
608,
596,
576,
600,
592,
612,
616,
620,
628,
712,
776,
768,
748,
748,
744,
736,
720,
644,
640,
688,
664,
628,
568,
604,
628,
636,
652,
628,
652,
632,
692,
680,
716,
684,
684,
760,
696,
772,
676,
728,
664,
672,
612,
556,
556,
572,
628,
596,
656,
628,
660,
668,
612,
636,
588,
624,
564,
608,
560,
608,
632,
612,
628,
620,
688,
648,
680,
664,
664,
632,
620,
596,
556,
588,
604,
584,
580,
596,
560,
560,
532,
600,
668,
708,
604,
712,
668,
608,
484,
540,
552,
624,
600,
580,
632,
616,
616,
632,
620,
600,
624,
552,
524,
556,
488,
508,
452,
488,
540,
592,
540,
568,
584,
604,
592,
568,
564,
524,
536,
560,
552,
556,
580,
660,
724,
712,
680,
632,
592,
636,
648,
632,
752,
716,
680,
644,
640,
600,
524,
572,
544,
612,
532,
576,
580,
612,
616,
608,
648,
620,
704,
684,
676,
688,
688,
724,
676,
672,
640,
660,
668,
704,
684,
716,
760,
728,
684,
692,
732,
776,
784,
772,
792,
768,
680,
572,
468,
424,
452,
472,
460,
528,
524,
612,
640,
604,
640,
632,
696,
632,
668,
668,
680,
696,
668,
688,
596,
640,
588,
632,
652,
692,
704,
684,
648,
580,
616,
588,
672,
632,
640,
576,
616,
696,
672,
648,
584,
524,
512,
536,
480,
500,
588,
644,
700,
724,
772,
772,
788,
708,
672,
656,
636,
608,
552,
504,
408,
452,
456,
480,
512,
584,
568,
588,
628,
640,
684,
664,
668,
696,
676,
592,
548,
584,
624,
636,
584,
596,
576,
608,
644,
612,
580,
556,
556,
520,
520,
512,
496,
540,
564,
560,
552,
552,
592,
580,
580,
540,
540,
532,
588,
564,
624,
596,
520,
620,
604,
628,
564,
644,
616,
632,
628,
624,
696,
688,
764,
708,
696,
696,
720,
704,
676,
716,
732,
772,
744,
828,
760,
756,
720,
648,
656,
620,
620,
596,
576,
556,
588,
660,
616,
648,
644,
636,
604,
544,
516,
568,
588,
600,
612,
552,
516,
488,
468,
548,
472,
596,
576,
620,
568,
572,
520,
544,
632,
576,
600,
592,
708,
660,
580,
572,
560,
604,
504,
568,
560,
564,
520,
552,
576,
568,
572,
588,
640,
680,
716,
684,
664,
680,
636,
616,
600,
668,
732,
788,
756,
748,
700,
716,
740,
740,
732,
732,
640,
664,
636,
624,
540,
620,
576,
572,
508,
516,
516,
552,
604,
600,
576,
580,
680,
704,
644,
616,
604,
640,
604,
608,
636,
660,
688,
748,
800,
788,
832,
808,
788,
668,
592,
552,
500,
476,
488,
556,
552,
548,
576,
584,
636,
692,
684,
696,
752,
780,
776,
748,
736,
760,
708,
708,
608,
672,
620,
660,
664,
720,
720,
728,
768,
696,
692,
584,
580,
628,
672,
680,
684,
704,
644,
684,
648,
644,
656,
652,
632,
568,
508,
500,
476,
504,
580,
620,
660,
736,
688,
656,
632,
592,
504,
452,
520,
680,
684,
692,
588,
496,
584,
616,
576,
536,
600,
576,
576,
568,
532,
596,
604,
644,
608,
640,
708,
768,
744,
744,
800,
772,
764,
704,
716,
692,
704,
680,
620,
604,
520,
500,
492,
444,
452,
504,
532,
612,
624,
656,
704,
780,
788,
696,
680,
624,
644,
660,
600,
544,
560,
612,
672,
720,
712,
668,
684,
632,
600,
552,
584,
628,
688,
664,
636,
660,
668,
696,
644,
644,
612,
604,
568,
524,
544,
540,
588,
604,
624,
668,
700,
680,
716,
720,
700,
680,
660,
648,
632,
664,
640,
604,
564,
564,
580,
576,
592,
576,
628,
596,
580,
612,
624,
684,
648,
744,
708,
708,
692,
676,
724,
712,
700,
668,
692,
708,
664,
584,
584,
632,
576,
604,
512,
552,
644,
652,
664,
644,
624,
616,
636,
616,
592,
596,
604,
664,
608,
580,
600,
616,
608,
604,
552,
588,
600,
632,
672,
672,
692,
696,
680,
696,
588,
636,
508,
504,
440,
480,
408,
452,
488,
496,
584,
500,
572,
588,
604,
624,
564,
636,
568,
604,
564,
592,
564,
556,
596,
636,
684,
688,
696,
636,
620,
612,
648,
688,
664,
668,
584,
584,
568,
592,
556,
600,
576,
568,
520,
532,
532,
552,
452,
588,
588,
672,
584,
680,
652,
696,
676,
668,
692,
676,
692,
672,
584,
536,
596,
644,
724,
792,
792,
804,
676,
560,
396,
264,
176,
240,
316,
436,
612,
744,
904,
1000,
1048,
1012,
900,
728,
508,
304,
116,
84,
164,
268,
488,
788,
944,
996,
1032,
964,
916,
776,
588,
472,
336,
316,
196,
284,
340,
516,
668,
836,
984,
1048,
1052,
964,
896,
692,
504,
404,
280,
264,
252,
352,
480,
676,
804,
844,
872,
916,
912,
840,
720,
580,
520,
392,
412,
448,
464,
520,
564,
604,
612,
636,
628,
644,
672,
684,
616,
668,
640,
580,
612,
580,
596,
604,
748,
756,
756,
728,
696,
740,
660,
708,
624,
600,
628,
632,
628,
600,
668,
668,
716,
692,
716,
684,
696,
712,
696,
708,
716,
720,
652,
612,
592,
600,
572,
536,
556,
632,
644,
624,
628,
640,
668,
576,
584,
588,
644,
664,
644,
616,
600,
564,
568,
568,
588,
564,
600,
588,
640,
600,
688,
644,
648,
652,
668,
700,
672,
684,
684,
704,
676,
660,
704,
668,
652,
648,
644,
608,
652,
616,
632,
640,
648,
656,
632,
616,
564,
612,
632,
652,
664,
656,
704,
664,
704,
616,
684,
732,
704,
740,
696,
620,
532,
628,
580,
540,
500,
500,
572,
520,
596,
564,
612,
532,
576,
540,
564,
612,
632,
696,
668,
688,
664,
680,
644,
588,
568,
544,
540,
524,
564,
572,
568,
632,
636,
640,
616,
620,
596,
592,
616,
616,
676,
672,
708,
716,
680,
680,
648,
708,
660,
744,
672,
708,
664,
728,
700,
656,
696,
636,
652,
564,
604,
572,
580,
600,
596,
644,
564,
580,
516,
552,
584,
612,
684,
680,
748,
740,
760,
684,
656,
624,
628,
576,
556,
592,
564,
612,
592,
576,
520,
508,
532,
568,
612,
656,
620,
696,
632,
708,
708,
728,
592,
660,
624,
560,
512,
496,
528,
544,
592,
652,
704,
756,
812,
764,
692,
664,
584,
596,
500,
508,
532,
596,
580,
608,
612,
712,
776,
788,
808,
820,
808,
772,
712,
696,
664,
652,
620,
616,
624,
620,
604,
628,
652,
636,
684,
632,
604,
584,
592,
624,
580,
616,
556,
644,
576,
584,
568,
552,
588,
592,
616,
576,
608,
620,
640,
680,
664,
668,
584,
568,
576,
608,
608,
632,
652,
724,
780,
796,
776,
784,
792,
768,
692,
632,
616,
620,
596,
648,
644,
656,
664,
680,
652,
712,
700,
812,
840,
740,
716,
664,
628,
524,
604,
576,
576,
564,
568,
612,
564,
628,
588,
620,
584,
620,
624,
680,
764,
788,
760,
708,
776,
740,
672,
640,
604,
600,
536,
516,
452,
452,
484,
504,
524,
548,
540,
596,
648,
584,
560,
528,
512,
476,
512,
520,
556,
640,
640,
644,
640,
620,
640,
636,
652,
692,
692,
668,
676,
656,
692,
692,
648,
668,
684,
636,
588,
584,
576,
632,
616,
656,
680,
628,
656,
600,
596,
584,
568,
544,
532,
532,
596,
668,
636,
664,
648,
612,
628,
620,
664,
640,
660,
596,
588,
524,
576,
584,
508,
532,
536,
564,
508,
584,
588,
608,
640,
640,
672,
644,
704,
672,
756,
748,
764,
724,
712,
676,
620,
648,
628,
680,
684,
684,
640,
572,
604,
628,
632,
648,
652,
696,
664,
728,
720,
720,
724,
764,
708,
628,
620,
576,
608,
648,
672,
704,
728,
696,
692,
752,
684,
764,
716,
780,
660,
620,
520,
568,
628,
620,
656,
628,
692,
692,
684,
612,
492,
488,
448,
488,
508,
568,
612,
660,
664,
604,
624,
572,
588,
524,
528,
532,
576,
600,
624,
648,
620,
620,
628,
616,
616,
636,
632,
600,
556,
576,
548,
588,
532,
660,
648,
592,
464,
600,
584,
672,
604,
620,
680,
656,
668,
664,
704,
708,
732,
684,
652,
640,
532,
528,
464,
516,
532,
572,
584,
596,
612,
616,
604,
576,
632,
644,
644,
680,
672,
668,
656,
628,
596,
584,
600,
596,
588,
552,
528,
556,
596,
588,
612,
616,
624,
660,
628,
676,
588,
676,
628,
612,
552,
564,
572,
528,
512,
488,
600,
628,
664,
696,
732,
736,
676,
628,
640,
640,
648,
620,
616,
636,
660,
636,
576,
548,
532,
536,
556,
620,
636,
668,
668,
688,
676,
648,
648,
632,
552,
528,
472,
532,
560,
588,
696,
720,
764,
712,
760,
672,
628,
588,
568,
628,
580,
628,
556,
600,
620,
628,
584,
596,
592,
604,
640,
652,
672,
668,
692,
696,
652,
612,
588,
612,
576,
588,
576,
620,
564,
568,
564,
580,
556,
576,
656,
660,
692,
640,
584,
588,
580,
528,
484,
468,
512,
580,
580,
556,
604,
616,
600,
604,
640,
644,
684,
652,
664,
660,
628,
616,
564,
584,
600,
648,
628,
660,
708,
692,
696,
676,
656,
640,
632,
596,
632,
616,
632,
616,
612,
656,
684,
692,
644,
604,
564,
548,
588,
532,
532,
540,
684,
692,
656,
680,
588,
596,
524,
564,
480,
516,
532,
536,
688,
672,
716,
676,
696,
664,
644,
596,
556,
580,
552,
576,
552,
572,
576,
612,
624,
616,
600,
620,
632,
688,
656,
572,
540,
528,
460,
488,
488,
552,
548,
540,
560,
568,
596,
616,
692,
708,
696,
708,
652,
732,
656,
740,
636,
628,
564,
628,
556,
464,
432,
412,
468,
456,
532,
504,
540,
528,
496,
588,
560,
596,
568,
596,
616,
608,
608,
572,
572,
532,
600,
572,
584,
640,
696,
696,
716,
688,
712,
748,
724,
736,
720,
784,
800,
792,
724,
672,
624,
648,
572,
620,
600,
616,
484,
584,
568,
584,
508,
568,
604,
628,
628,
572,
580,
520,
528,
456,
444,
496,
480,
540,
472,
540,
532,
540,
564,
540,
484,
492,
556,
532,
508,
576,
664,
548,
504,
568,
596,
552,
524,
504,
432,
384,
452,
492,
540,
624,
760,
708,
632,
728,
780,
648,
512,
636,
540,
540,
512,
628,
596,
660,
716,
812,
760,
744,
696,
632,
568,
516,
536,
576,
640,
724,
748,
796,
864,
812,
776,
704,
648,
620,
556,
552,
588,
676,
756,
764,
732,
680,
584,
524,
508,
524,
532,
576,
564,
604,
588,
576,
540,
484,
540,
520,
484,
472,
580,
564,
568,
584,
612,
668,
604,
672,
612,
652,
652,
656,
604,
608,
632,
644,
712,
704,
696,
656,
592,
552,
540,
524,
504,
572,
564,
624,
676,
704,
692,
732,
708,
660,
628,
580,
544,
476,
544,
524,
504,
540,
620,
620,
628,
632,
552,
564,
652,
632,
640,
636,
652,
600,
600,
608,
612,
624,
584,
648,
644,
604,
600,
640,
692,
684,
644,
656,
664,
632,
592,
568,
528,
508,
508,
520,
484,
488,
468,
460,
460,
492,
544,
596,
604,
624,
676,
672,
660,
644,
600,
504,
508,
492,
444,
540,
524,
592,
576,
728,
748,
796,
744,
644,
652,
572,
588,
516,
540,
520,
536,
520,
528,
564,
552,
592,
612,
676,
664,
668,
660,
620,
592,
604,
584,
608,
656,
652,
596,
552,
468,
488,
520,
580,
536,
564,
596,
640,
676,
644,
644,
648,
648,
676,
628,
668,
600,
748,
724,
792,
736,
792,
708,
620,
568,
484,
508,
480,
488,
540,
612,
652,
628,
656,
600,
648,
604,
588,
580,
580,
604,
576,
540,
536,
548,
500,
492,
508,
572,
612,
564,
552,
528,
540,
588,
612,
588,
600,
584,
592,
556,
612,
632,
696,
588,
720,
688,
652,
516,
604,
604,
696,
648,
652,
696,
696,
740,
692,
692,
676,
680,
608,
580,
584,
592,
660,
596,
628,
584,
596,
592,
608,
604,
616,
620,
592,
624,
576,
572,
600,
652,
640,
616,
596,
536,
492,
540,
548,
564,
588,
604,
560,
600,
532,
512,
540,
560,
616,
596,
648,
588,
708,
672,
716,
692,
684,
676,
632,
624,
552,
548,
484,
492,
492,
516,
564,
552,
520,
512,
608,
640,
696,
724,
816,
792,
612,
524,
680,
788,
600,
276,
308,
516,
608,
488,
440,
608,
664,
564,
564,
668,
736,
536,
488,
600,
680,
648,
436,
476,
596,
704,
600,
548,
628,
652,
624,
524,
628,
612,
596,
540,
544,
540,
532,
540,
580,
696,
632,
596,
564,
536,
536,
468,
476,
496,
544,
512,
508,
600,
648,
624,
584,
660,
724,
680,
636,
732,
684,
624,
632,
680,
564,
520,
580,
652,
624,
572,
664,
676,
560,
584,
672,
640,
564,
628,
696,
708,
592,
560,
604,
584,
600,
568,
592,
544,
576,
544,
556,
640,
644,
644,
692,
656,
620,
552,
584,
604,
616,
616,
628,
624,
620,
640,
668,
680,
696,
672,
676,
656,
620,
628,
580,
660,
656,
560,
648,
604,
648,
612,
660,
668,
680,
676,
672,
660,
560,
536,
504,
520,
536,
564,
524,
512,
568,
568,
568,
500,
572,
584,
568,
560,
536,
576,
596,
572,
576,
576,
556,
548,
580,
524,
500,
496,
564,
576,
588,
584,
616,
684,
704,
736,
708,
660,
644,
604,
708,
616,
700,
676,
728,
636,
680,
624,
604,
584,
560,
616,
576,
556,
560,
624,
672,
688,
748,
788,
824,
804,
764,
724,
656,
672,
576,
536,
520,
524,
500,
536,
552,
628,
616,
648,
680,
688,
668,
616,
596,
556,
560,
528,
584,
564,
596,
568,
616,
504,
580,
552,
532,
480,
604,
592,
596,
608,
608,
640,
636,
640,
616,
588,
584,
632,
648,
660,
692,
660,
720,
692,
708,
716,
736,
684,
660,
608,
584,
552,
528,
528,
532,
596,
652,
648,
688,
744,
788,
680,
592,
592,
580,
564,
540,
440,
212,
0,
-296,
-628,
-1044,
-1516,
-1932,
-2488,
-2916,
-3460,
-3804,
-4340,
-4768,
-5252,
-5620,
-5920,
-6236,
-6452,
-6604,
-6688,
-6792,
-6860,
-6880,
-6876,
-6760,
-6732,
-6648,
-6488,
-6304,
-6252,
-6100,
-5916,
-5800,
-5764,
-5748,
-5692,
-5696,
-5700,
-5692,
-5688,
-5644,
-5640,
-5660,
-5696,
-5728,
-5728,
-5796,
-5792,
-5768,
-5796,
-5752,
-5760,
-5648,
-5612,
-5596,
-5640,
-5644,
-5636,
-5628,
-5524,
-5500,
-5476,
-5460,
-5388,
-5368,
-5400,
-5360,
-5404,
-5368,
-5364,
-5328,
-5380,
-5332,
-5272,
-5280,
-5256,
-5260,
-5204,
-5224,
-5224,
-5196,
-5208,
-5224,
-5244,
-5224,
-5212,
-5160,
-5160,
-5164,
-5160,
-5104,
-5048,
-5044,
-5064,
-5164,
-5128,
-5148,
-5112,
-5164,
-5132,
-5120,
-5036,
-5028,
-5016,
-4944,
-4948,
-4948,
-4928,
-4964,
-4984,
-5012,
-5056,
-5024,
-4952,
-4924,
-4904,
-4900,
-4864,
-4812,
-4828,
-4804,
-4796,
-4760,
-4788,
-4736,
-4768,
-4732,
-4684,
-4696,
-4676,
-4668,
-4704,
-4720,
-4720,
-4752,
-4748,
-4716,
-4720,
-4632,
-4664,
-4644,
-4616,
-4596,
-4632,
-4684,
-4660,
-4644,
-4640,
-4616,
-4576,
-4556,
-4516,
-4480,
-4536,
-4488,
-4516,
-4512,
-4544,
-4464,
-4472,
-4464,
-4488,
-4508,
-4480,
-4496,
-4436,
-4428,
-4412,
-4380,
-4360,
-4372,
-4388,
-4340,
-4384,
-4356,
-4428,
-4384,
-4372,
-4296,
-4268,
-4248,
-4268,
-4264,
-4272,
-4276,
-4236,
-4204,
-4232,
-4204,
-4312,
-4316,
-4304,
-4292,
-4336,
-4348,
-4348,
-4292,
-4216,
-4216,
-4140,
-4116,
-4172,
-4172,
-4184,
-4100,
-4160,
-4064,
-4152,
-4136,
-4184,
-4124,
-4080,
-4032,
-4004,
-4008,
-3968,
-4052,
-4012,
-3988,
-3952,
-3908,
-3936,
-3940,
-3988,
-3976,
-3984,
-3928,
-3880,
-3864,
-3856,
-3916,
-3888,
-3908,
-3856,
-3864,
-3856,
-3832,
-3788,
-3792,
-3840,
-3812,
-3804,
-3828,
-3848,
-3888,
-3884,
-3912,
-3848,
-3804,
-3804,
-3796,
-3768,
-3724,
-3808,
-3692,
-3696,
-3752,
-3880,
-3788,
-3800,
-3760,
-3776,
-3740,
-3688,
-3676,
-3672,
-3736,
-3688,
-3700,
-3636,
-3628,
-3652,
-3580,
-3624,
-3612,
-3716,
-3668,
-3656,
-3600,
-3544,
-3520,
-3556,
-3588,
-3544,
-3564,
-3540,
-3588,
-3564,
-3576,
-3596,
-3624,
-3644,
-3548,
-3644,
-3676,
-3676,
-3644,
-3664,
-3672,
-3652,
-3572,
-3468,
-3476,
-3480,
-3440,
-3452,
-3468,
-3576,
-3520,
-3608,
-3540,
-3576,
-3520,
-3524,
-3444,
-3412,
-3480,
-3488,
-3468,
-3444,
-3472,
-3440,
-3424,
-3476,
-3440,
-3432,
-3416,
-3448,
-3428,
-3420,
-3400,
-3400,
-3408,
-3364,
-3400,
-3416,
-3384,
-3376,
-3396,
-3460,
-3508,
-3484,
-3420,
-3384,
-3380,
-3368,
-3304,
-3260,
-3212,
-3236,
-3248,
-3284,
-3248,
-3336,
-3400,
-3384,
-3380,
-3384,
-3308,
-3160,
-3128,
-3168,
-3192,
-3208,
-3192,
-3272,
-3300,
-3348,
-3268,
-3256,
-3268,
-3280,
-3244,
-3224,
-3252,
-3260,
-3236,
-3168,
-3140,
-3120,
-3208,
-3172,
-3160,
-3140,
-3084,
-3096,
-3164,
-3184,
-3172,
-3244,
-3220,
-3176,
-3112,
-3140,
-3240,
-3256,
-3276,
-3224,
-3236,
-3204,
-3164,
-3092,
-3108,
-3132,
-3116,
-3132,
-3084,
-3028,
-3028,
-3056,
-3068,
-3064,
-3112,
-3100,
-3056,
-3040,
-3092,
-3116,
-3056,
-3028,
-3020,
-3060,
-3004,
-2988,
-2944,
-2948,
-3008,
-3024,
-2988,
-2944,
-2988,
-3056,
-3064,
-3064,
-3052,
-3020,
-2972,
-2944,
-2932,
-2956,
-2992,
-3032,
-3028,
-3016,
-3000,
-2988,
-2944,
-2940,
-2956,
-2964,
-2940,
-2872,
-2892,
-2932,
-2920,
-2888,
-2932,
-3024,
-2948,
-2968,
-2980,
-3000,
-2900,
-2864,
-2872,
-2804,
-2820,
-2892,
-2940,
-2932,
-2916,
-2920,
-2836,
-2884,
-2888,
-2932,
-2980,
-3028,
-2968,
-2928,
-2952,
-2912,
-2836,
-2832,
-2840,
-2836,
-2828,
-2900,
-2880,
-2924,
-2844,
-2788,
-2792,
-2824,
-2804,
-2808,
-2764,
-2744,
-2792,
-2792,
-2832,
-2816,
-2864,
-2948,
-2912,
-2948,
-2812,
-2820,
-2768,
-2788,
-2776,
-2820,
-2800,
-2748,
-2792,
-2796,
-2832,
-2860,
-2860,
-2860,
-2832,
-2788,
-2700,
-2724,
-2712,
-2748,
-2752,
-2740,
-2784,
-2796,
-2796,
-2708,
-2688,
-2720,
-2852,
-2892,
-2932,
-2860,
-2824,
-2836,
-2772,
-2756,
-2656,
-2640,
-2568,
-2532,
-2472,
-2560,
-2588,
-2624,
-2648,
-2768,
-2796,
-2936,
-2716,
-2724,
-2676,
-2824,
-2732,
-2676,
-2632,
-2668,
-2684,
-2720,
-2728,
-2684,
-2744,
-2740,
-2728,
-2724,
-2700,
-2716,
-2608,
-2608,
-2548,
-2652,
-2656,
-2696,
-2680,
-2680,
-2652,
-2636,
-2672,
-2636,
-2660,
-2616,
-2636,
-2612,
-2572,
-2600,
-2560,
-2532,
-2528,
-2584,
-2572,
-2556,
-2576,
-2632,
-2680,
-2708,
-2692,
-2632,
-2660,
-2636,
-2564,
-2496,
-2388,
-2372,
-2316,
-2380,
-2268,
-2312,
-2340,
-2404,
-2460,
-2524,
-2524,
-2448,
-2456,
-2408,
-2448,
-2428,
-2476,
-2556,
-2608,
-2596,
-2568,
-2556,
-2496,
-2512,
-2540,
-2504,
-2460,
-2408,
-2464,
-2424,
-2380,
-2348,
-2388,
-2432,
-2460,
-2520,
-2476,
-2544,
-2536,
-2584,
-2556,
-2548,
-2524,
-2616,
-2608,
-2632,
-2540,
-2528,
-2520,
-2480,
-2544,
-2572,
-2612,
-2488,
-2508,
-2504,
-2484,
-2504,
-2388,
-2304,
-2356,
-2636,
-2612,
-2392,
-2452,
-2760,
-2732,
-2384,
-2240,
-2376,
-2456,
-2188,
-2120,
-2348,
-2588,
-2512,
-2424,
-2536,
-2624,
-2580,
-2300,
-2236,
-2348,
-2364,
-2156,
-2096,
-2180,
-2292,
-2296,
-2164,
-2200,
-2208,
-2268,
-2232,
-2192,
-2296,
-2396,
-2436,
-2436,
-2468,
-2396,
-2372,
-2268,
-2280,
-2260,
-2244,
-2216,
-2256,
-2324,
-2372,
-2388,
-2412,
-2464,
-2472,
-2428,
-2412,
-2368,
-2356,
-2360,
-2308,
-2276,
-2292,
-2264,
-2212,
-2252,
-2324,
-2328,
-2344,
-2392,
-2364,
-2332,
-2308,
-2272,
-2264,
-2212,
-2200,
-2188,
-2232,
-2260,
-2268,
-2252,
-2180,
-2232,
-2176,
-2204,
-2100,
-2120,
-2148,
-2056,
-2116,
-2136,
-2180,
-2156,
-2184,
-2196,
-2212,
-2196,
-2148,
-2232,
-2204,
-2280,
-2272,
-2272,
-2312,
-2368,
-2304,
-2264,
-2248,
-2216,
-2220,
-2168,
-2204,
-2184,
-2188,
-2204,
-2256,
-2268,
-2284,
-2248,
-2236,
-2280,
-2256,
-2124,
-2160,
-2108,
-2092,
-2104,
-2088,
-2028,
-2092,
-2144,
-2148,
-2180,
-2088,
-2116,
-2180,
-2224,
-2264,
-2148,
-2132,
-2020,
-2060,
-2000,
-2064,
-2044,
-2100,
-2160,
-2196,
-2208,
-2180,
-2276,
-2248,
-2224,
-2108,
-2064,
-2084,
-2076,
-2176,
-2092,
-2088,
-2068,
-2096,
-2096,
-2052,
-2040,
-2024,
-2028,
-2016,
-2052,
-2040,
-2040,
-2024,
-2068,
-2096,
-2108,
-2112,
-2056,
-2060,
-2028,
-2012,
-1992,
-2000,
-2020,
-2032,
-1992,
-1980,
-1944,
-2012,
-1848,
-1788,
-1776,
-1948,
-1904,
-2036,
-2016,
-2032,
-2044,
-2016,
-2056,
-2024,
-2060,
-2044,
-2040,
-1920,
-1984,
-2012,
-1896,
-1932,
-1876,
-1904,
-1868,
-1836,
-1880,
-1896,
-1924,
-1892,
-1928,
-1908,
-1928,
-1996,
-2024,
-2072,
-2068,
-2020,
-1992,
-1984,
-1940,
-1944,
-2000,
-1944,
-1944,
-1884,
-1888,
-1916,
-1964,
-1940,
-2000,
-2000,
-1992,
-1972,
-1896,
-1900,
-1864,
-1972,
-1884,
-1948,
-1896,
-1864,
-1848,
-1816,
-1804,
-1752,
-1768,
-1704,
-1752,
-1776,
-1784,
-1864,
-1848,
-1876,
-1908,
-1916,
-1960,
-1964,
-1924,
-1912,
-1864,
-1796,
-1764,
-1768,
-1752,
-1748,
-1784,
-1772,
-1796,
-1828,
-1864,
-1908,
-1880,
-1836,
-1872,
-1824,
-1796,
-1808,
-1740,
-1760,
-1736,
-1752,
-1820,
-1796,
-1832,
-1844,
-1852,
-1676,
-1692,
-1664,
-1668,
-1688,
-1604,
-1632,
-1604,
-1668,
-1644,
-1648,
-1660,
-1676,
-1692,
-1712,
-1764,
-1748,
-1796,
-1748,
-1740,
-1752,
-1776,
-1828,
-1824,
-1852,
-1804,
-1812,
-1820,
-1812,
-1748,
-1740,
-1684,
-1644,
-1612,
-1624,
-1728,
-1744,
-1712,
-1604,
-1632,
-1592,
-1600,
-1604,
-1620,
-1656,
-1640,
-1680,
-1660,
-1688,
-1712,
-1684,
-1644,
-1624,
-1616,
-1604,
-1600,
-1616,
-1668,
-1692,
-1608,
-1552,
-1556,
-1600,
-1596,
-1568,
-1544,
-1580,
-1596,
-1596,
-1612,
-1588,
-1592,
-1604,
-1616,
-1576,
-1588,
-1624,
-1636,
-1668,
-1640,
-1644,
-1608,
-1612,
-1612,
-1608,
-1588,
-1568,
-1564,
-1528,
-1568,
-1536,
-1568,
-1496,
-1528,
-1608,
-1568,
-1628,
-1612,
-1636,
-1576,
-1596,
-1580,
-1600,
-1592,
-1524,
-1516,
-1472,
-1520,
-1484,
-1568,
-1600,
-1608,
-1604,
-1536,
-1516,
-1540,
-1524,
-1472,
-1476,
-1440,
-1420,
-1388,
-1312,
-1312,
-1396,
-1428,
-1384,
-1380,
-1400,
-1396,
-1464,
-1444,
-1432,
-1464,
-1544,
-1580,
-1560,
-1564,
-1520,
-1528,
-1476,
-1420,
-1472,
-1544,
-1464,
-1380,
-1596,
-1528,
-1404,
-1364,
-1484,
-1416,
-1372,
-1388,
-1388,
-1500,
-1416,
-1444,
-1416,
-1440,
-1408,
-1364,
-1404,
-1364,
-1380,
-1352,
-1416,
-1380,
-1412,
-1464,
-1428,
-1392,
-1392,
-1424,
-1384,
-1396,
-1452,
-1492,
-1496,
-1516,
-1488,
-1404,
-1340,
-1244,
-1188,
-1168,
-1208,
-1280,
-1300,
-1292,
-1324,
-1324,
-1428,
-1396,
-1488,
-1388,
-1344,
-1340,
-1428,
-1316,
-1308,
-1304,
-1340,
-1320,
-1304,
-1292,
-1308,
-1336,
-1304,
-1304,
-1300,
-1348,
-1376,
-1332,
-1352,
-1316,
-1360,
-1300,
-1304,
-1300,
-1288,
-1232,
-1196,
-1120,
-1052,
-1092,
-1152,
-1232,
-1276,
-1168,
-1116,
-1176,
-1200,
-1176,
-1124,
-1148,
-1140,
-1180,
-1188,
-1156,
-1232,
-1284,
-1240,
-1192,
-1212,
-1200,
-1148,
-1076,
-1064,
-1004,
-1048,
-992,
-1096,
-1168,
-1260,
-1340,
-1340,
-1388,
-1336,
-1316,
-1228,
-1284,
-1284,
-1240,
-1248,
-1212,
-1244,
-1244,
-1272,
-1264,
-1248,
-1232,
-1132,
-1076,
-1048,
-1148,
-1192,
-1156,
-1100,
-1104,
-1176,
-1180,
-1124,
-1036,
-960,
-928,
-916,
-892,
-932,
-952,
-980,
-996,
-1056,
-1036,
-1092,
-1156,
-1132,
-1176,
-1148,
-1152,
-1008,
-1016,
-972,
-992,
-988,
-900,
-996,
-968,
-1016,
-1024,
-1020,
-1040,
-1092,
-1080,
-1044,
-1092,
-1052,
-1176,
-1128,
-1080,
-1020,
-1024,
-1004,
-1044,
-1040,
-1076,
-1132,
-1168,
-1192,
-1116,
-1200,
-1156,
-1092,
-1064,
-1032,
-1004,
-1012,
-996,
-900,
-1044,
-1064,
-1048,
-1068,
-1088,
-1064,
-980,
-948,
-944,
-948,
-988,
-960,
-968,
-932,
-984,
-932,
-892,
-900,
-908,
-940,
-936,
-964,
-908,
-1044,
-1016,
-1016,
-1000,
-1036,
-1016,
-1048,
-1020,
-968,
-936,
-904,
-928,
-956,
-892,
-892,
-916,
-868,
-792,
-856,
-852,
-836,
-860,
-924,
-908,
-880,
-816,
-800,
-856,
-836,
-892,
-900,
-936,
-1008,
-892,
-884,
-872,
-916,
-852,
-860,
-856,
-860,
-840,
-832,
-876,
-868,
-912,
-872,
-908,
-908,
-984,
-1004,
-980,
-1004,
-944,
-948,
-900,
-832,
-788,
-812,
-824,
-812,
-776,
-752,
-760,
-800,
-832,
-808,
-752,
-740,
-724,
-688,
-668,
-692,
-664,
-688,
-724,
-732,
-736,
-708,
-736,
-740,
-720,
-796,
-768,
-924,
-900,
-1000,
-940,
-984,
-892,
-848,
-764,
-640,
-596,
-532,
-576,
-616,
-700,
-712,
-752,
-816,
-788,
-816,
-772,
-808,
-776,
-732,
-728,
-708,
-672,
-616,
-632,
-596,
-668,
-672,
-688,
-724,
-772,
-732,
-652,
-632,
-636,
-632,
-664,
-704,
-688,
-660,
-688,
-748,
-748,
-724,
-688,
-780,
-640,
-616,
-616,
-732,
-644,
-616,
-624,
-656,
-696,
-676,
-608,
-584,
-604,
-616,
-636,
-612,
-632,
-664,
-652,
-696,
-660,
-688,
-640,
-616,
-560,
-540,
-596,
-616,
-660,
-664,
-688,
-660,
-752,
-756,
-728,
-768,
-716,
-644,
-608,
-620,
-628,
-644,
-624,
-588,
-532,
-540,
-560,
-544,
-588,
-548,
-568,
-580,
-576,
-664,
-620,
-704,
-608,
-692,
-644,
-648,
-656,
-656,
-636,
-560,
-580,
-520,
-588,
-540,
-488,
-480,
-472,
-492,
-524,
-552,
-536,
-616,
-668,
-700,
-684,
-616,
-572,
-596,
-564,
-484,
-464,
-440,
-428,
-444,
-420,
-456,
-488,
-540,
-572,
-568,
-548,
-564,
-552,
-572,
-548,
-568,
-600,
-524,
-516,
-468,
-552,
-468,
-464,
-488,
-476,
-516,
-436,
-496,
-436,
-460,
-428,
-448,
-476,
-508,
-528,
-480,
-504,
-444,
-496,
-444,
-460,
-396,
-376,
-436,
-444,
-432,
-400,
-408,
-440,
-460,
-440,
-524,
-528,
-488,
-444,
-452,
-420,
-416,
-400,
-372,
-400,
-356,
-360,
-364,
-424,
-472,
-452,
-496,
-460,
-452,
-448,
-388,
-312,
-256,
-248,
-256,
-268,
-268,
-288,
-264,
-264,
-288,
-292,
-360,
-300,
-332,
-344,
-412,
-440,
-420,
-428,
-396,
-404,
-368,
-332,
-272,
-312,
-340,
-376,
-376,
-356,
-392,
-404,
-372,
-288,
-316,
-316,
-336,
-364,
-348,
-324,
-288,
-352,
-268,
-260,
-356,
-344,
-356,
-332,
-352,
-232,
-224,
-184,
-200,
-260,
-220,
-280,
-224,
-252,
-260,
-292,
-296,
-376,
-432,
-356,
-328,
-260,
-320,
-260,
-256,
-324,
-320,
-372,
-360,
-364,
-372,
-312,
-256,
-236,
-256,
-196,
-204,
-172,
-176,
-192,
-204,
-204,
-236,
-224,
-268,
-336,
-332,
-368,
-396,
-392,
-380,
-232,
-244,
-148,
-244,
-232,
-316,
-204,
-248,
-248,
-240,
-268,
-268,
-308,
-248,
-260,
-232,
-164,
-164,
-132,
-148,
-112,
-192,
-316,
-428,
-484,
-504,
-536,
-404,
-296,
-156,
-116,
8,
84,
140,
140,
76,
-4,
-132,
-244,
-460,
-544,
-584,
-512,
-352,
-72,
100,
232,
200,
196,
-16,
-24,
-168,
-324,
-552,
-504,
-588,
-544,
-500,
-324,
-164,
-56,
8,
76,
64,
-28,
-176,
-312,
-316,
-300,
-332,
-276,
-244,
-268,
-332,
-204,
28,
192,
-36,
-252,
-144,
20,
-52,
-264,
-324,
-216,
-216,
-288,
-232,
-16,
-24,
-192,
-184,
40,
176,
64,
-60,
-68,
76,
-16,
-208,
-248,
-172,
-132,
-212,
-152,
-124,
12,
-92,
-108,
-120,
-80,
-164,
-288,
-268,
-256,
-192,
-212,
-172,
-64,
-48,
32,
0,
24,
-20,
-48,
-92,
-56,
-92,
-84,
-52,
-8,
36,
36,
72,
72,
92,
8,
-40,
-84,
-64,
-52,
-52,
-8,
36,
24,
20,
48,
40,
36,
-4,
-28,
92,
36,
-28,
-68,
40,
-4,
-72,
-128,
-156,
-152,
-216,
-140,
-76,
-24,
-72,
8,
72,
112,
124,
136,
164,
128,
120,
60,
28,
68,
92,
116,
100,
148,
128,
84,
64,
88,
84,
60,
68,
88,
96,
124,
112,
132,
164,
148,
152,
120,
56,
16,
-16,
12,
-40,
-48,
-20,
-4,
60,
72,
28,
8,
20,
24,
36,
-24,
4,
56,
84,
88,
40,
32,
28,
8,
-76,
-104,
-100,
-124,
-64,
-28,
56,
68,
128,
124,
104,
68,
52,
72,
64,
48,
52,
72,
120,
116,
92,
116,
108,
40,
24,
8,
76,
108,
116,
180,
164,
228,
192,
256,
168,
144,
112,
156,
196,
228,
324,
244,
268,
232,
188,
176,
172,
140,
116,
104,
72,
164,
172,
200,
204,
208,
244,
236,
176,
144,
112,
92,
56,
76,
36,
112,
100,
116,
116,
92,
136,
148,
168,
128,
128,
104,
108,
180,
144,
204,
112,
264,
196,
252,
188,
272,
224,
232,
252,
264,
224,
144,
212,
196,
276,
276,
268,
324,
352,
388,
332,
348,
336,
344,
324,
268,
272,
212,
224,
220,
264,
300,
356,
360,
328,
332,
280,
244,
192,
164,
168,
200,
204,
180,
156,
204,
180,
224,
180,
316,
332,
304,
176,
224,
196,
212,
180,
216,
276,
276,
300,
280,
292,
276,
332,
316,
236,
232,
192,
200,
152,
176,
212,
248,
252,
260,
240,
240,
236,
296,
328,
308,
276,
260,
232,
208,
216,
232,
240,
240,
268,
296,
320,
264,
244,
240,
312,
248,
240,
232,
264,
312,
244,
320,
252,
332,
276,
328,
296,
300,
328,
340,
364,
320,
336,
312,
316,
328,
352,
300,
272,
324,
344,
412,
372,
320,
280,
272,
280,
248,
288,
284,
328,
344,
300,
284,
312,
300,
348,
360,
340,
348,
424,
464,
484,
524,
492,
524,
476,
352,
352,
260,
244,
200,
320,
288,
328,
356,
384,
464,
420,
444,
372,
380,
364,
348,
324,
316,
328,
328,
360,
296,
320,
340,
388,
428,
440,
456,
408,
420,
372,
284,
196,
264,
292,
336,
428,
460,
452,
424,
412,
400,
444,
364,
364,
388,
376,
392,
448,
476,
488,
480,
456,
420,
428,
428,
416,
400,
428,
400,
408,
384,
344,
408,
380,
444,
480,
500,
520,
576,
548,
524,
476,
420,
420,
380,
356,
408,
424,
408,
424,
436,
472,
468,
456,
460,
440,
452,
424,
444,
440,
424,
452,
460,
500,
440,
524,
612,
588,
628,
632,
608,
548,
568,
444,
372,
308,
308,
372,
408,
496,
508,
612,
612,
680,
628,
584,
580,
564,
508,
416,
484,
448,
452,
436,
428,
464,
428,
476,
468,
472,
480,
464,
508,
500,
488,
452,
468,
412,
420,
420,
428,
464,
464,
500,
496,
496,
500,
452,
536,
492,
596,
472,
516,
476,
548,
524,
516,
532,
516,
572,
480,
432,
376,
388,
412,
400,
440,
428,
452,
444,
452,
516,
516,
556,
504,
548,
500,
476,
436,
452,
472,
520,
560,
600,
672,
684,
692,
680,
644,
600,
608,
576,
576,
600,
628,
600,
652,
540,
588,
592,
548,
436,
540,
544,
572,
568,
620,
660,
696,
692,
656,
696,
652,
652,
608,
544,
564,
540,
580,
596,
656,
644,
652,
600,
572,
536,
528,
536,
540,
588,
588,
584,
600,
568,
552,
580,
600,
596,
564,
592,
572,
596,
620,
640,
604,
636,
576,
572,
520,
484,
488,
472,
576,
528,
660,
620,
664,
644,
664,
612,
544,
572,
536,
604,
592,
596,
632,
692,
756,
712,
656,
604,
596,
548,
528,
520,
484,
520,
532,
548,
584,
632,
636,
628,
628,
636,
644,
604,
608,
652,
720,
740,
748,
736,
788,
720,
752,
744,
660,
696,
660,
608,
584,
672,
660,
696,
684,
648,
660,
620,
600,
632,
672,
732,
816,
856,
824,
796,
772,
804,
756,
724,
676,
624,
620,
624,
668,
672,
728,
724,
768,
744,
732,
660,
624,
600,
608,
588,
568,
632,
656,
736,
664,
676,
692,
716,
724,
688,
684,
644,
680,
704,
660,
656,
696,
664,
660,
748,
804,
840,
800,
776,
800,
740,
700,
684,
728,
728,
728,
692,
732,
756,
800,
864,
868,
884,
876,
848,
716,
668,
628,
676,
716,
784,
772,
752,
720,
672,
696,
640,
620,
640,
644,
708,
684,
768,
732,
616,
648,
600,
592,
548,
668,
680,
704,
688,
628,
632,
564,
584,
556,
600,
652,
680,
692,
648,
660,
608,
584,
480,
496,
520,
544,
628,
664,
732,
752,
788,
796,
804,
760,
676,
676,
612,
664,
716,
752,
744,
760,
792,
832,
816,
860,
824,
824,
836,
828,
752,
796,
680,
772,
740,
844,
808,
852,
796,
764,
760,
688,
716,
680,
708,
724,
776,
824,
784,
872,
816,
852,
796,
772,
724,
692,
696,
680,
740,
784,
832,
860,
888,
876,
824,
828,
744,
720,
684,
668,
644,
668,
664,
680,
756,
864,
904,
952,
956,
944,
812,
844,
852,
840,
768,
876,
828,
896,
848,
824,
844,
852,
832,
812,
792,
816,
888,
876,
856,
892,
844,
820,
720,
724,
712,
736,
736,
796,
832,
844,
860,
840,
816,
800,
804,
848,
840,
864,
892,
888,
860,
840,
860,
816,
776,
720,
668,
668,
768,
768,
816,
804,
824,
872,
808,
844,
756,
864,
780,
788,
780,
856,
900,
864,
844,
776,
812,
792,
808,
908,
920,
948,
940,
912,
856,
792,
744,
728,
736,
668,
700,
720,
824,
872,
976,
1012,
984,
960,
908,
864,
884,
892,
912,
900,
860,
860,
844,
896,
856,
920,
872,
796,
876,
864,
912,
808,
872,
832,
912,
888,
904,
944,
896,
928,
888,
884,
900,
932,
944,
936,
972,
856,
864,
816,
804,
792,
800,
788,
792,
836,
832,
860,
828,
820,
808,
884,
876,
876,
872,
904,
976,
916,
864,
804,
844,
804,
836,
840,
864,
908,
856,
876,
832,
808,
736,
756,
860,
868,
864,
856,
836,
860,
944,
948,
952,
1084,
1048,
936,
856,
944,
892,
884,
876,
956,
992,
956,
944,
940,
984,
900,
868,
868,
804,
832,
860,
856,
840,
868,
892,
948,
948,
940,
952,
1008,
1036,
944,
884,
840,
904,
896,
784,
864,
848,
920,
860,
980,
996,
996,
980,
936,
976,
896,
896,
828,
904,
908,
888,
888,
1032,
1092,
984,
1000,
924,
976,
952,
936,
940,
964,
956,
992,
1064,
1048,
1004,
944,
968,
1036,
1016,
1016,
1060,
1080,
1048,
1012,
1012,
988,
996,
952,
980,
1016,
1032,
1008,
1036,
1080,
984,
1060,
1032,
1080,
1008,
1060,
1012,
984,
1016,
972,
984,
928,
940,
940,
996,
1064,
1016,
1060,
1044,
1084,
1048,
1032,
1008,
1028,
1068,
1000,
1008,
1028,
1048,
1004,
1004,
996,
956,
944,
944,
980,
952,
1028,
1060,
1080,
1052,
1032,
1004,
1016,
984,
1004,
972,
1008,
872,
936,
924,
916,
852,
964,
968,
984,
988,
1008,
1016,
1024,
1060,
1068,
1088,
1036,
1080,
1024,
980,
952,
904,
960,
928,
1024,
1068,
1096,
1068,
1100,
1092,
1080,
1084,
1056,
1040,
956,
924,
924,
868,
872,
924,
968,
1020,
1012,
992,
988,
1032,
1032,
996,
948,
1004,
996,
1020,
1032,
1000,
1032,
968,
1032,
996,
1160,
1144,
1180,
1140,
1084,
1052,
1012,
968,
920,
992,
1000,
1032,
1040,
1044,
1028,
936,
904,
872,
896,
876,
872,
868,
940,
1020,
1076,
1108,
1108,
1112,
1096,
1056,
1016,
984,
1012,
1008,
1080,
1068,
1088,
1136,
1108,
1036,
1040,
900,
916,
904,
924,
988,
976,
1020,
1048,
1136,
1156,
1140,
1072,
1016,
1056,
1040,
1060,
976,
992,
960,
1028,
996,
1032,
1044,
1004,
992,
948,
1028,
1020,
984,
1028,
1032,
1056,
1084,
1136,
1108,
1076,
1044,
1060,
1060,
1040,
1020,
1068,
1068,
1080,
1112,
1120,
1156,
1120,
1120,
1148,
1136,
1128,
1108,
1068,
1048,
1088,
1096,
1044,
1040,
1028,
1012,
960,
984,
984,
1036,
1024,
1028,
1080,
1064,
1128,
1096,
1172,
1188,
1232,
1192,
1128,
1096,
1032,
1028,
960,
912,
924,
940,
920,
936,
1000,
1048,
1108,
1096,
1092,
1080,
1056,
1040,
1064,
1048,
1016,
1088,
1096,
1168,
1208,
1300,
1332,
1308,
1388,
1316,
1308,
1164,
1172,
1104,
1044,
992,
1012,
1136,
1156,
1268,
1200,
1200,
1152,
1128,
1120,
1088,
1076,
1036,
1096,
1064,
1096,
1132,
1172,
1208,
1192,
1172,
1104,
1080,
1112,
1100,
1076,
1100,
1092,
1036,
1064,
1092,
1112,
1084,
1104,
1112,
1132,
1092,
1052,
1092,
1040,
1052,
1084,
1092,
1196,
1116,
1200,
1112,
1156,
1056,
1080,
1024,
972,
976,
952,
1044,
1036,
1128,
1112,
1108,
1124,
1076,
1148,
1076,
1092,
1024,
1048,
1048,
1060,
1080,
1088,
1236,
1260,
1260,
1308,
1348,
1304,
1248,
1272,
1236,
1184,
1152,
1172,
1208,
1148,
1104,
1076,
1116,
1164,
1092,
1088,
1124,
1184,
1116,
1208,
1188,
1204,
1108,
1256,
1172,
1180,
1128,
1124,
1152,
1160,
1168,
1148,
1216,
1180,
1220,
1108,
1096,
1100,
1072,
1104,
1056,
1084,
1096,
1176,
1140,
1176,
1228,
1256,
1280,
1216,
1196,
1120,
1088,
1144,
1168,
1276,
1324,
1344,
1328,
1264,
1208,
1140,
1124,
1108,
1128,
1088,
1132,
1100,
1136,
1192,
1192,
1244,
1224,
1276,
1248,
1352,
1288,
1316,
1320,
1356,
1372,
1296,
1256,
1208,
1188,
1132,
1120,
1136,
1172,
1204,
1180,
1172,
1136,
1176,
1172,
1160,
1156,
1160,
1188,
1260,
1264,
1248,
1188,
1128,
1104,
1076,
1100,
1132,
1108,
1116,
1196,
1284,
1312,
1268,
1216,
1192,
1136,
1188,
1180,
1164,
1212,
1148,
1092,
1028,
1092,
1080,
1132,
1128,
1116,
1172,
1168,
1224,
1188,
1208,
1196,
1228,
1176,
1168,
1204,
1176,
1180,
1184,
1216,
1188,
1192,
1204,
1172,
1196,
1180,
1176,
1132,
1112,
1136,
1180,
1120,
1108,
1152,
1168,
1172,
1196,
1184,
1192,
1228,
1232,
1240,
1228,
1252,
1244,
1240,
1252,
1168,
1168,
1184,
1148,
1132,
1120,
1092,
1112,
1160,
1152,
1248,
1332,
1344,
1416,
1420,
1360,
1256,
1288,
1288,
1300,
1272,
1244,
1248,
1252,
1296,
1268,
1276,
1248,
1220,
1244,
1240,
1200,
1216,
1240,
1252,
1248,
1252,
1232,
1192,
1156,
1120,
1112,
1100,
1080,
1124,
1156,
1284,
1244,
1168,
1244,
1220,
1244,
1224,
1328,
1272,
1280,
1208,
1144,
1200,
1168,
1248,
1196,
1224,
1292,
1368,
1352,
1332,
1260,
1148,
1156,
1104,
1060,
1036,
1088,
1104,
1136,
1172,
1200,
1288,
1336,
1348,
1412,
1400,
1360,
1292,
1280,
1232,
1180,
1088,
1072,
1052,
1112,
1228,
1272,
1328,
1312,
1340,
1344,
1304,
1352,
1232,
1308,
1208,
1236,
1160,
1224,
1220,
1232,
1308,
1228,
1304,
1240,
1280,
1240,
1220,
1228,
1176,
1244,
1256,
1280,
1196,
1212,
1236,
1260,
1220,
1232,
1256,
1288,
1352,
1348,
1368,
1292,
1272,
1260,
1260,
1288,
1272,
1280,
1244,
1228,
1172,
1152,
1168,
1168,
1136,
1204,
1176,
1264,
1232,
1352,
1336,
1308,
1172,
1284,
1268,
1312,
1268,
1188,
1208,
1244,
1224,
1184,
1160,
1188,
1276,
1284,
1308,
1324,
1316,
1320,
1236,
1256,
1260,
1248,
1236,
1260,
1276,
1296,
1336,
1376,
1400,
1364,
1292,
1204,
1168,
1156,
1164,
1176,
1152,
1188,
1240,
1288,
1312,
1300,
1296,
1304,
1384,
1308,
1288,
1228,
1192,
1188,
1112,
1172,
1116,
1292,
1292,
1324,
1324,
1336,
1308,
1276,
1256,
1168,
1188,
1168,
1180,
1196,
1280,
1356,
1360,
1368,
1360,
1456,
1420,
1388,
1372,
1356,
1344,
1308,
1276,
1304,
1284,
1256,
1208,
1152,
1144,
1172,
1208,
1248,
1320,
1388,
1400,
1408,
1320,
1324,
1248,
1312,
1272,
1228,
1280,
1240,
1172,
1088,
1160,
1176,
1236,
1208,
1196,
1244,
1192,
1220,
1172,
1220,
1204,
1200,
1140,
1156,
1244,
1252,
1304,
1248,
1288,
1292,
1380,
1400,
1388,
1384,
1260,
1188,
1168,
1132,
1128,
1184,
1196,
1208,
1236,
1256,
1288,
1288,
1356,
1356,
1416,
1304,
1304,
1284,
1256,
1240,
1204,
1228,
1192,
1212,
1240,
1232,
1288,
1324,
1344,
1264,
1316,
1276,
1288,
1328,
1320,
1328,
1308,
1284,
1268,
1304,
1344,
1296,
1248,
1260,
1288,
1292,
1272,
1316,
1348,
1348,
1264,
1180,
1140,
1172,
1176,
1192,
1160,
1180,
1188,
1216,
1304,
1308,
1324,
1328,
1316,
1284,
1280,
1260,
1352,
1444,
1400,
1432,
1352,
1360,
1352,
1460,
1404,
1340,
1300,
1228,
1224,
1180,
1200,
1164,
1188,
1248,
1288,
1340,
1360,
1348,
1276,
1208,
1296,
1444,
1368,
1192,
1308,
1444,
1372,
1192,
1312,
1524,
1496,
1308,
1284,
1520,
1528,
1324,
1260,
1468,
1532,
1404,
1256,
1372,
1560,
1440,
1284,
1264,
1360,
1392,
1300,
1344,
1316,
1492,
1368,
1356,
1364,
1448,
1356,
1248,
1264,
1384,
1504,
1440,
1512,
1648,
1516,
1288,
1132,
1360,
1528,
1372,
1048,
1096,
1364,
1340,
1180,
1128,
1252,
1192,
1064,
1036,
1224,
1292,
1152,
1016,
1168,
1384,
1340,
1196,
1228,
1392,
1388,
1304,
1224,
1232,
1284,
1276,
1308,
1424,
1344,
1432,
1344,
1392,
1348,
1388,
1252,
1272,
1296,
1320,
1244,
1260,
1304,
1312,
1236,
1272,
1364,
1400,
1312,
1316,
1292,
1336,
1300,
1340,
1348,
1456,
1452,
1428,
1472,
1488,
1464,
1436,
1392,
1308,
1288,
1276,
1204,
1104,
1164,
1208,
1208,
1216,
1252,
1324,
1412,
1416,
1368,
1284,
1312,
1264,
1260,
1240,
1236,
1288,
1280,
1368,
1316,
1420,
1336,
1316,
1264,
1288,
1304,
1304,
1300,
1300,
1384,
1352,
1316,
1264,
1264,
1348,
1384,
1452,
1456,
1476,
1420,
1444,
1404,
1336,
1360,
1380,
1396,
1412,
1408,
1344,
1316,
1344,
1364,
1404,
1420,
1416,
1396,
1376,
1388,
1348,
1304,
1368,
1316,
1348,
1364,
1276,
1316,
1260,
1256,
1172,
1260,
1276,
1316,
1348,
1320,
1388,
1360,
1400,
1332,
1364,
1352,
1384,
1376,
1408,
1440,
1412,
1336,
1260,
1292,
1308,
1320,
1304,
1296,
1300,
1288,
1268,
1268,
1292,
1256,
1300,
1268,
1276,
1352,
1428,
1436,
1376,
1352,
1332,
1456,
1508,
1556,
1480,
1380,
1372,
1384,
1400,
1324,
1316,
1320,
1352,
1388,
1396,
1448,
1424,
1464,
1408,
1348,
1300,
1272,
1272,
1252,
1252,
1240,
1356,
1344,
1408,
1432,
1448,
1480,
1432,
1424,
1364,
1320,
1312,
1364,
1396,
1396,
1400,
1372,
1404,
1376,
1380,
1388,
1436,
1456,
1404,
1336,
1276,
1324,
1400,
1380,
1364,
1416,
1432,
1448,
1492,
1456,
1432,
1336,
1432,
1368,
1384,
1400,
1348,
1380,
1340,
1348,
1332,
1328,
1288,
1316,
1364,
1392,
1412,
1464,
1472,
1440,
1424,
1388,
1368,
1348,
1340,
1340,
1332,
1352,
1388,
1468,
1532,
1540,
1552,
1528,
1520,
1448,
1428,
1308,
1240,
1220,
1224,
1284,
1364,
1408,
1444,
1528,
1540,
1512,
1576,
1484,
1492,
1368,
1364,
1264,
1328,
1284,
1300,
1344,
1352,
1392,
1364,
1436,
1384,
1372,
1364,
1368,
1420,
1364,
1384,
1332,
1348,
1336,
1352,
1376,
1364,
1336,
1288,
1304,
1272,
1312,
1340,
1360,
1380,
1360,
1360,
1384,
1448,
1444,
1424,
1364,
1340,
1376,
1396,
1336,
1324,
1268,
1240,
1212,
1384,
1448,
1504,
1452,
1528,
1480,
1476,
1408,
1400,
1324,
1292,
1308,
1256,
1272,
1332,
1428,
1404,
1376,
1360,
1304,
1340,
1284,
1316,
1384,
1468,
1496,
1500,
1484,
1532,
1548,
1484,
1468,
1396,
1408,
1452,
1472,
1492,
1556,
1540,
1492,
1440,
1432,
1384,
1364,
1332,
1320,
1344,
1380,
1372,
1388,
1412,
1488,
1536,
1480,
1472,
1372,
1412,
1340,
1336,
1264,
1320,
1388,
1424,
1436,
1364,
1424,
1388,
1380,
1408,
1368,
1388,
1384,
1360,
1344,
1396,
1384,
1368,
1376,
1424,
1492,
1480,
1480,
1440,
1368,
1316,
1276,
1304,
1304,
1368,
1380,
1400,
1400,
1448,
1492,
1504,
1492,
1484,
1384,
1412,
1412,
1364,
1376,
1360,
1392,
1380,
1444,
1412,
1424,
1444,
1384,
1424,
1372,
1464,
1444,
1496,
1484,
1512,
1428,
1420,
1400,
1340,
1336,
1332,
1352,
1392,
1400,
1368,
1336,
1352,
1396,
1444,
1428,
1372,
1332,
1368,
1288,
1288,
1316,
1328,
1380,
1384,
1432,
1464,
1552,
1516,
1548,
1560,
1564,
1480,
1388,
1372,
1300,
1336,
1328,
1288,
1308,
1316,
1324,
1312,
1384,
1404,
1464,
1400,
1368,
1396,
1380,
1360,
1292,
1332,
1300,
1336,
1316,
1328,
1372,
1384,
1392,
1380,
1364,
1380,
1372,
1340,
1332,
1344,
1332,
1336,
1368,
1392,
1440,
1460,
1464,
1484,
1476,
1504,
1524,
1448,
1452,
1388,
1440,
1404,
1320,
1364,
1364,
1388,
1288,
1392,
1384,
1432,
1408,
1372,
1424,
1344,
1404,
1376,
1388,
1360,
1332,
1284,
1316,
1368,
1400,
1472,
1420,
1416,
1380,
1396,
1324,
1256,
1228,
1224,
1308,
1328,
1404,
1404,
1464,
1468,
1396,
1436,
1420,
1412,
1372,
1348,
1336,
1348,
1380,
1404,
1468,
1448,
1464,
1444,
1400,
1456,
1344,
1332,
1220,
1244,
1152,
1248,
1240,
1296,
1384,
1404,
1460,
1420,
1472,
1460,
1472,
1440,
1380,
1360,
1324,
1384,
1380,
1424,
1428,
1444,
1492,
1452,
1440,
1424,
1396,
1376,
1468,
1488,
1492,
1528,
1552,
1520,
1460,
1424,
1396,
1348,
1324,
1296,
1260,
1248,
1156,
1248,
1272,
1340,
1236,
1368,
1468,
1516,
1400,
1488,
1476,
1460,
1344,
1248,
1276,
1264,
1276,
1260,
1268,
1244,
1296,
1244,
1188,
1244,
1204,
1276,
1252,
1328,
1428,
1488,
1516,
1540,
1580,
1540,
1488,
1416,
1384,
1316,
1336,
1308,
1224,
1224,
1216,
1300,
1300,
1280,
1380,
1448,
1476,
1496,
1444,
1464,
1488,
1456,
1412,
1396,
1364,
1380,
1272,
1340,
1288,
1384,
1380,
1480,
1452,
1504,
1488,
1460,
1428,
1324,
1336,
1236,
1176,
1168,
1228,
1232,
1284,
1344,
1396,
1476,
1528,
1520,
1436,
1356,
1428,
1312,
1136,
1164,
1300,
1240,
1220,
1368,
1392,
1340,
1440,
1496,
1432,
1400,
1484,
1492,
1420,
1460,
1448,
1472,
1420,
1404,
1444,
1324,
1296,
1240,
1360,
1348,
1332,
1332,
1356,
1464,
1428,
1484,
1396,
1412,
1388,
1388,
1320,
1300,
1316,
1340,
1396,
1332,
1336,
1324,
1340,
1320,
1356,
1356,
1300,
1336,
1400,
1404,
1380,
1420,
1368,
1388,
1388,
1392,
1408,
1372,
1352,
1348,
1364,
1308,
1332,
1380,
1480,
1476,
1476,
1500,
1460,
1460,
1408,
1356,
1384,
1376,
1416,
1404,
1448,
1456,
1484,
1476,
1456,
1460,
1460,
1460,
1396,
1428,
1376,
1364,
1344,
1336,
1288,
1252,
1300,
1272,
1280,
1248,
1320,
1352,
1324,
1340,
1384,
1456,
1400,
1372,
1412,
1472,
1496,
1480,
1428,
1384,
1392,
1376,
1352,
1336,
1424,
1456,
1424,
1400,
1316,
1300,
1216,
1352,
1352,
1344,
1380,
1432,
1556,
1524,
1548,
1504,
1532,
1524,
1588,
1516,
1468,
1412,
1396,
1416,
1364,
1376,
1384,
1356,
1400,
1428,
1468,
1456,
1476,
1508,
1460,
1420,
1380,
1424,
1408,
1428,
1436,
1412,
1376,
1372,
1380,
1296,
1336,
1336,
1412,
1492,
1532,
1516,
1444,
1468,
1352,
1408,
1304,
1336,
1300,
1408,
1404,
1396,
1444,
1416,
1452,
1372,
1384,
1324,
1348,
1344,
1304,
1356,
1336,
1360,
1344,
1396,
1388,
1380,
1408,
1352,
1384,
1344,
1380,
1376,
1384,
1404,
1416,
1436,
1424,
1460,
1440,
1432,
1412,
1424,
1424,
1424,
1432,
1424,
1352,
1328,
1264,
1336,
1252,
1320,
1344,
1368,
1288,
1404,
1416,
1384,
1272,
1268,
1300,
1304,
1312,
1320,
1388,
1376,
1440,
1428,
1436,
1476,
1432,
1480,
1388,
1396,
1400,
1400,
1384,
1372,
1408,
1388,
1396,
1388,
1364,
1324,
1380,
1408,
1416,
1456,
1448,
1440,
1464,
1424,
1416,
1404,
1396,
1424,
1404,
1344,
1412,
1360,
1344,
1372,
1428,
1396,
1332,
1360,
1332,
1384,
1304,
1312,
1324,
1396,
1452,
1432,
1420,
1372,
1416,
1416,
1368,
1404,
1388,
1428,
1372,
1356,
1324,
1288,
1264,
1288,
1312,
1296,
1320,
1340,
1372,
1420,
1460,
1484,
1444,
1436,
1364,
1340,
1344,
1308,
1304,
1316,
1344,
1384,
1392,
1488,
1464,
1488,
1392,
1296,
1280,
1284,
1272,
1204,
1308,
1364,
1464,
1468,
1364,
1328,
1240,
1296,
1224,
1236,
1260,
1320,
1276,
1272,
1316,
1328,
1364,
1344,
1364,
1312,
1304,
1344,
1404,
1424,
1356,
1384,
1356,
1356,
1392,
1464,
1408,
1396,
1476,
1476,
1496,
1448,
1428,
1432,
1440,
1348,
1324,
1352,
1392,
1396,
1404,
1436,
1388,
1404,
1408,
1380,
1380,
1368,
1332,
1332,
1392,
1300,
1252,
1224,
1232,
1284,
1388,
1424,
1416,
1428,
1436,
1420,
1360,
1300,
1252,
1232,
1284,
1252,
1268,
1352,
1380,
1408,
1404,
1392,
1360,
1380,
1392,
1352,
1356,
1372,
1384,
1416,
1432,
1396,
1384,
1348,
1348,
1344,
1436,
1428,
1404,
1488,
1468,
1468,
1364,
1440,
1432,
1432,
1400,
1404,
1384,
1308,
1328,
1292,
1348,
1308,
1320,
1356,
1424,
1480,
1540,
1588,
1496,
1412,
1276,
1184,
1024,
952,
1080,
1164,
1220,
1376,
1540,
1676,
1688,
1720,
1684,
1604,
1508,
1356,
1164,
1012,
936,
944,
1064,
1320,
1592,
1756,
1756,
1864,
1812,
1720,
1460,
1416,
1092,
940,
836,
908,
984,
1168,
1424,
1560,
1712,
1780,
1792,
1656,
1532,
1408,
1240,
1244,
1132,
1140,
1088,
1152,
1252,
1368,
1468,
1472,
1580,
1592,
1636,
1572,
1524,
1444,
1348,
1256,
1196,
1168,
1116,
1164,
1160,
1192,
1192,
1272,
1368,
1448,
1480,
1516,
1508,
1524,
1396,
1420,
1360,
1352,
1260,
1420,
1460,
1536,
1532,
1560,
1624,
1620,
1588,
1520,
1512,
1460,
1520,
1488,
1500,
1516,
1488,
1512,
1484,
1516,
1512,
1464,
1416,
1348,
1304,
1208,
1160,
1152,
1180,
1204,
1224,
1344,
1316,
1336,
1332,
1348,
1344,
1316,
1328,
1324,
1360,
1352,
1332,
1292,
1396,
1352,
1372,
1364,
1336,
1364,
1344,
1412,
1288,
1400,
1332,
1352,
1372,
1384,
1352,
1324,
1324,
1324,
1372,
1380,
1388,
1440,
1468,
1480,
1452,
1360,
1300,
1288,
1220,
1216,
1240,
1316,
1384,
1468,
1512,
1540,
1476,
1460,
1436,
1424,
1412,
1468,
1468,
1452,
1428,
1424,
1452,
1428,
1344,
1372,
1372,
1388,
1388,
1316,
1368,
1332,
1360,
1340,
1440,
1388,
1364,
1296,
1284,
1312,
1256,
1296,
1280,
1332,
1328,
1300,
1288,
1240,
1284,
1296,
1344,
1276,
1340,
1356,
1388,
1368,
1340,
1360,
1320,
1360,
1348,
1376,
1376,
1404,
1360,
1360,
1396,
1380,
1408,
1352,
1436,
1480,
1544,
1560,
1556,
1568,
1560,
1564,
1516,
1468,
1428,
1472,
1456,
1400,
1400,
1388,
1404,
1380,
1392,
1364,
1376,
1356,
1352,
1368,
1400,
1452,
1452,
1452,
1436,
1480,
1480,
1424,
1416,
1368,
1304,
1332,
1516,
1492,
1376,
1412,
1472,
1404,
1276,
1320,
1424,
1444,
1436,
1492,
1492,
1476,
1444,
1428,
1460,
1428,
1444,
1364,
1408,
1376,
1320,
1316,
1248,
1308,
1284,
1384,
1352,
1340,
1336,
1356,
1484,
1464,
1484,
1416,
1428,
1388,
1360,
1304,
1260,
1332,
1320,
1352,
1364,
1404,
1404,
1396,
1348,
1312,
1320,
1328,
1368,
1392,
1396,
1416,
1424,
1492,
1428,
1384,
1344,
1348,
1348,
1408,
1404,
1476,
1556,
1504,
1496,
1452,
1396,
1328,
1248,
1348,
1252,
1404,
1348,
1444,
1384,
1428,
1468,
1448,
1500,
1448,
1472,
1408,
1400,
1416,
1432,
1432,
1376,
1436,
1404,
1432,
1436,
1456,
1432,
1412,
1400,
1376,
1404,
1388,
1384,
1340,
1340,
1288,
1300,
1356,
1380,
1464,
1460,
1488,
1464,
1476,
1428,
1408,
1364,
1324,
1256,
1296,
1332,
1408,
1384,
1508,
1480,
1448,
1352,
1436,
1400,
1400,
1384,
1388,
1396,
1400,
1412,
1436,
1412,
1372,
1424,
1416,
1396,
1476,
1424,
1444,
1368,
1384,
1416,
1432,
1396,
1388,
1400,
1396,
1408,
1412,
1416,
1428,
1460,
1436,
1396,
1384,
1356,
1332,
1328,
1308,
1296,
1320,
1332,
1332,
1304,
1296,
1356,
1360,
1388,
1412,
1436,
1460,
1384,
1424,
1340,
1424,
1328,
1356,
1320,
1312,
1316,
1276,
1248,
1224,
1320,
1296,
1276,
1296,
1296,
1344,
1372,
1368,
1380,
1476,
1468,
1452,
1444,
1404,
1432,
1412,
1440,
1404,
1396,
1412,
1432,
1400,
1400,
1424,
1432,
1440,
1408,
1376,
1368,
1328,
1300,
1328,
1312,
1380,
1416,
1392,
1456,
1408,
1376,
1304,
1368,
1328,
1308,
1312,
1316,
1360,
1324,
1416,
1360,
1356,
1304,
1372,
1380,
1392,
1416,
1396,
1436,
1384,
1372,
1376,
1448,
1448,
1416,
1404,
1416,
1464,
1412,
1344,
1236,
1224,
1188,
1204,
1252,
1288,
1376,
1396,
1452,
1436,
1452,
1340,
1324,
1276,
1240,
1252,
1276,
1320,
1320,
1376,
1432,
1416,
1404,
1364,
1336,
1288,
1300,
1292,
1324,
1300,
1336,
1356,
1284,
1276,
1248,
1332,
1360,
1452,
1424,
1396,
1340,
1300,
1312,
1304,
1336,
1368,
1412,
1384,
1380,
1372,
1352,
1348,
1328,
1328,
1300,
1268,
1284,
1312,
1352,
1360,
1400,
1420,
1472,
1440,
1456,
1376,
1324,
1384,
1340,
1344,
1308,
1440,
1412,
1392,
1368,
1364,
1392,
1340,
1348,
1324,
1396,
1424,
1504,
1524,
1492,
1516,
1516,
1500,
1396,
1380,
1368,
1324,
1280,
1272,
1288,
1264,
1240,
1252,
1272,
1296,
1324,
1352,
1304,
1364,
1372,
1352,
1300,
1268,
1288,
1336,
1388,
1388,
1400,
1392,
1412,
1352,
1308,
1408,
1344,
1492,
1452,
1440,
1324,
1376,
1304,
1268,
1264,
1272,
1348,
1340,
1444,
1460,
1480,
1436,
1388,
1408,
1364,
1428,
1396,
1436,
1468,
1444,
1380,
1332,
1324,
1304,
1352,
1296,
1300,
1300,
1340,
1300,
1300,
1304,
1316,
1348,
1328,
1304,
1348,
1424,
1436,
1508,
1424,
1332,
1248,
1224,
1136,
1208,
1236,
1288,
1256,
1392,
1416,
1508,
1492,
1512,
1540,
1564,
1412,
1300,
1260,
1216,
1260,
1244,
1276,
1364,
1428,
1496,
1444,
1468,
1424,
1392,
1372,
1376,
1340,
1336,
1368,
1404,
1404,
1336,
1340,
1384,
1364,
1368,
1440,
1444,
1412,
1384,
1408,
1412,
1388,
1392,
1432,
1452,
1512,
1476,
1440,
1412,
1436,
1452,
1424,
1480,
1404,
1512,
1448,
1428,
1412,
1476,
1476,
1428,
1416,
1280,
1300,
1256,
1200,
1188,
1220,
1208,
1188,
1216,
1240,
1288,
1248,
1232,
1264,
1200,
1224,
1212,
1196,
1256,
1332,
1368,
1396,
1436,
1408,
1396,
1364,
1296,
1240,
1244,
1196,
1188,
1152,
1188,
1196,
1240,
1236,
1224,
1272,
1248,
1284,
1244,
1308,
1284,
1248,
1236,
1228,
1276,
1304,
1344,
1308,
1368,
1404,
1424,
1404,
1400,
1368,
1440,
1444,
1420,
1400,
1480,
1512,
1516,
1524,
1492,
1464,
1540,
1468,
1424,
1440,
1508,
1388,
1364,
1368,
1384,
1400,
1344,
1316,
1268,
1296,
1216,
1264,
1256,
1304,
1296,
1292,
1340,
1328,
1344,
1304,
1276,
1256,
1256,
1232,
1168,
1148,
1196,
1248,
1252,
1260,
1360,
1420,
1464,
1436,
1472,
1496,
1516,
1444,
1432,
1464,
1428,
1424,
1400,
1400,
1380,
1340,
1320,
1316,
1332,
1360,
1372,
1424,
1476,
1488,
1484,
1440,
1356,
1364,
1384,
1424,
1404,
1388,
1344,
1384,
1344,
1244,
1304,
1204,
1192,
1152,
1316,
1384,
1508,
1624,
1708,
1576,
1328,
1456,
1628,
1552,
1220,
1056,
1204,
1336,
1304,
1144,
1204,
1252,
1240,
1184,
1376,
1488,
1472,
1324,
1372,
1524,
1468,
1224,
1076,
1216,
1424,
1324,
1252,
1296,
1408,
1332,
1216,
1240,
1324,
1308,
1288,
1352,
1488,
1512,
1416,
1348,
1420,
1308,
1376,
1248,
1296,
1268,
1256,
1216,
1284,
1360,
1296,
1376,
1360,
1400,
1360,
1328,
1340,
1356,
1436,
1380,
1416,
1328,
1320,
1228,
1184,
1280,
1300,
1340,
1300,
1304,
1276,
1340,
1332,
1372,
1296,
1280,
1344,
1328,
1296,
1312,
1352,
1376,
1412,
1452,
1440,
1380,
1324,
1284,
1320,
1252,
1308,
1292,
1300,
1196,
1316,
1296,
1388,
1404,
1436,
1468,
1536,
1540,
1476,
1440,
1412,
1388,
1288,
1208,
1204,
1204,
1256,
1216,
1260,
1256,
1304,
1348,
1392,
1416,
1452,
1368,
1364,
1336,
1324,
1332,
1328,
1312,
1300,
1320,
1400,
1360,
1312,
1320,
1320,
1328,
1332,
1276,
1168,
1220,
1236,
1228,
1252,
1368,
1496,
1464,
1492,
1368,
1452,
1344,
1372,
1328,
1352,
1324,
1384,
1408,
1380,
1432,
1380,
1340,
1316,
1324,
1364,
1316,
1376,
1404,
1424,
1400,
1348,
1320,
1336,
1388,
1356,
1328,
1320,
1312,
1356,
1396,
1356,
1300,
1320,
1288,
1296,
1336,
1316,
1324,
1324,
1328,
1348,
1276,
1284,
1264,
1244,
1324,
1316,
1356,
1292,
1396,
1316,
1352,
1300,
1340,
1424,
1364,
1424,
1360,
1352,
1388,
1404,
1400,
1384,
1404,
1376,
1372,
1348,
1360,
1368,
1400,
1392,
1352,
1364,
1324,
1348,
1352,
1324,
1260,
1332,
1296,
1296,
1320,
1304,
1320,
1344,
1400,
1424,
1480,
1404,
1392,
1384,
1380,
1364,
1336,
1324,
1304,
1296,
1268,
1248,
1256,
1252,
1296,
1292,
1296,
1248,
1300,
1248,
1236,
1244,
1236,
1244,
1276,
1280,
1308,
1364,
1416,
1404,
1436,
1404,
1420,
1440,
1368,
1300,
1224,
1208,
1224,
1272,
1316,
1308,
1292,
1344,
1372,
1372,
1368,
1316,
1296,
1340,
1368,
1340,
1360,
1276,
1344,
1328,
1324,
1368,
1264,
1272,
1184,
1320,
1372,
1420,
1360,
1368,
1404,
1384,
1376,
1288,
1340,
1368,
1412,
1396,
1376,
1376,
1364,
1404,
1328,
1276,
1272,
1288,
1288,
1316,
1356,
1372,
1408,
1388,
1332,
1272,
1252,
1280,
1248,
1292,
1352,
1376,
1388,
1404,
1420,
1388,
1380,
1372,
1368,
1344,
1312,
1316,
1312,
1396,
1304,
1424,
1308,
1364,
1292,
1376,
1340,
1244,
1260,
1256,
1324,
1256,
1284,
1264,
1320,
1296,
1244,
1324,
1276,
1316,
1284,
1296,
1360,
1332,
1348,
1332,
1372,
1372,
1428,
1432,
1424,
1400,
1372,
1344,
1288,
1304,
1292,
1264,
1212,
1196,
1172,
1216,
1288,
1352,
1308,
1452,
1524,
1460,
1276,
1432,
1388,
1276,
1116,
1260,
1228,
1224,
1236,
1376,
1516,
1500,
1512,
1468,
1364,
1344,
1428,
1336,
1204,
1288,
1256,
1248,
1220,
1348,
1340,
1356,
1344,
1388,
1336,
1324,
1388,
1360,
1328,
1216,
1316,
1388,
1404,
1456,
1492,
1556,
1496,
1412,
1372,
1396,
1356,
1352,
1244,
1184,
1264,
1304,
1404,
1476,
1464,
1452,
1328,
1300,
1164,
1204,
1128,
1188,
1196,
1232,
1244,
1272,
1292,
1272,
1344,
1320,
1308,
1292,
1268,
1348,
1372,
1400,
1396,
1388,
1352,
1320,
1348,
1396,
1448,
1464,
1496,
1476,
1468,
1484,
1464,
1436,
1424,
1460,
1368,
1336,
1316,
1304,
1340,
1340,
1324,
1320,
1312,
1336,
1268,
1208,
1324,
1316,
1336,
1244,
1280,
1316,
1328,
1320,
1300,
1316,
1236,
1308,
1288,
1332,
1276,
1264,
1260,
1256,
1264,
1224,
1240,
1196,
1256,
1288,
1356,
1292,
1260,
1308,
1308,
1284,
1264,
1256,
1212,
1248,
1204,
1200,
1256,
1344,
1360,
1336,
1312,
1300,
1348,
1244,
1264,
1308,
1348,
1388,
1412,
1416,
1372,
1384,
1320,
1260,
1236,
1260,
1276,
1216,
1276,
1316,
1384,
1360,
1384,
1444,
1416,
1420,
1372,
1432,
1428,
1388,
1376,
1352,
1356,
1360,
1356,
1296,
1304,
1320,
1332,
1288,
1252,
1244,
1252,
1296,
1308,
1268,
1272,
1284,
1268,
1224,
1256,
1280,
1376,
1384,
1376,
1340,
1396,
1328,
1248,
1256,
1220,
1232,
1176,
1272,
1264,
1296,
1304,
1308,
1312,
1272,
1328,
1308,
1304,
1268,
1296,
1292,
1308,
1320,
1300,
1328,
1260,
1316,
1344,
1360,
1320,
1268,
1300,
1292,
1276,
1332,
1380,
1408,
1444,
1472,
1428,
1460,
1476,
1416,
1300,
1232,
1160,
1180,
1172,
1160,
1196,
1236,
1284,
1360,
1368,
1424,
1340,
1396,
1256,
1268,
1176,
1220,
1212,
1216,
1272,
1244,
1256,
1216,
1256,
1276,
1240,
1248,
1216,
1312,
1304,
1400,
1388,
1400,
1404,
1412,
1364,
1348,
1340,
1256,
1288,
1240,
1256,
1220,
1288,
1332,
1364,
1396,
1360,
1348,
1336,
1332,
1276,
1308,
1320,
1324,
1256,
1240,
1192,
1192,
1060,
1144,
1176,
1236,
1192,
1324,
1380,
1440,
1388,
1340,
1316,
1236,
1236,
1196,
1160,
1152,
1200,
1168,
1188,
1252,
1280,
1392,
1404,
1452,
1428,
1424,
1392,
1384,
1364,
1332,
1308,
1224,
1232,
1212,
1204,
1228,
1220,
1240,
1260,
1264,
1244,
1216,
1244,
1256,
1300,
1336,
1392,
1372,
1448,
1400,
1376,
1344,
1368,
1340,
1276,
1316,
1232,
1316,
1216,
1272,
1288,
1296,
1304,
1240,
1288,
1280,
1340,
1240,
1176,
1188,
1316,
1408,
1372,
1296,
1232,
1252,
1304,
1292,
1308,
1300,
1328,
1332,
1292,
1268,
1284,
1264,
1192,
1160,
1136,
1172,
1168,
1172,
1240,
1328,
1340,
1352,
1292,
1288,
1228,
1264,
1224,
1156,
1152,
1128,
1172,
1180,
1284,
1264,
1304,
1344,
1336,
1356,
1252,
1280,
1248,
1296,
1252,
1232,
1204,
1220,
1268,
1272,
1308,
1256,
1288,
1260,
1224,
1188,
1140,
1196,
1196,
1212,
1232,
1244,
1324,
1432,
1428,
1404,
1412,
1376,
1360,
1268,
1228,
1208,
1272,
1220,
1240,
1304,
1340,
1344,
1316,
1324,
1252,
1256,
1268,
1188,
1252,
1280,
1296,
1252,
1308,
1344,
1416,
1424,
1360,
1376,
1364,
1304,
1260,
1220,
1156,
1176,
1172,
1252,
1308,
1328,
1340,
1336,
1388,
1380,
1304,
1244,
1208,
1188,
1228,
1240,
1244,
1276,
1300,
1312,
1296,
1240,
1240,
1256,
1260,
1228,
1208,
1208,
1268,
1276,
1164,
1220,
1232,
1236,
1176,
1280,
1284,
1296,
1328,
1324,
1424,
1320,
1312,
1216,
1276,
1268,
1280,
1264,
1296,
1320,
1316,
1280,
1180,
1208,
1200,
1208,
1160,
1148,
1184,
1256,
1288,
1312,
1288,
1244,
1228,
1312,
1276,
1284,
1316,
1360,
1328,
1292,
1260,
1216,
1220,
1184,
1188,
1232,
1264,
1280,
1232,
1336,
1232,
1304,
1220,
1288,
1208,
1272,
1180,
1148,
1192,
1160,
1220,
1184,
1192,
1236,
1272,
1292,
1304,
1360,
1300,
1384,
1368,
1392,
1360,
1348,
1372,
1272,
1276,
1200,
1208,
1208,
1244,
1236,
1240,
1244,
1208,
1192,
1252,
1244,
1228,
1272,
1232,
1232,
1216,
1216,
1216,
1256,
1236,
1288,
1236,
1316,
1276,
1260,
1164,
1240,
1208,
1248,
1264,
1272,
1300,
1244,
1272,
1220,
1216,
1184,
1224,
1204,
1188,
1184,
1164,
1224,
1176,
1236,
1316,
1384,
1344,
1296,
1168,
1236,
1348,
1284,
1176,
1244,
1476,
1440,
1224,
1308,
1540,
1500,
1276,
1236,
1452,
1468,
1244,
1132,
1248,
1256,
1192,
972,
1060,
1192,
1160,
1072,
1104,
1344,
1308,
1244,
1152,
1284,
1352,
1360,
1316,
1372,
1448,
1448,
1428,
1428,
1408,
1444,
1372,
1360,
1316,
1332,
1264,
1256,
1256,
1256,
1256,
1176,
1204,
1232,
1228,
1188,
1176,
1220,
1196,
1220,
1196,
1312,
1320,
1356,
1296,
1312,
1260,
1196,
1172,
1196,
1160,
1240,
1264,
1196,
1316,
1288,
1304,
1256,
1300,
1296,
1308,
1264,
1216,
1284,
1312,
1328,
1276,
1332,
1300,
1256,
1228,
1268,
1308,
1300,
1352,
1272,
1336,
1276,
1236,
1192,
1208,
1272,
1288,
1380,
1424,
1428,
1356,
1344,
1284,
1224,
1224,
1192,
1156,
1164,
1184,
1176,
1180,
1160,
1156,
1176,
1180,
1240,
1272,
1308,
1296,
1300,
1260,
1232,
1260,
1264,
1208,
1152,
1180,
1116,
1116,
1080,
1040,
1048,
1052,
1084,
1136,
1188,
1192,
1184,
1176,
1192,
1192,
1144,
1136,
1092,
1136,
1180,
1252,
1276,
1308,
1316,
1336,
1320,
1268,
1224,
1196,
1196,
1180,
1236,
1244,
1212,
1216,
1244,
1228,
1176,
1252,
1240,
1188,
1308,
1276,
1312,
1268,
1444,
1440,
1428,
1388,
1328,
1292,
1228,
1208,
1124,
1124,
1116,
1176,
1196,
1244,
1268,
1268,
1328,
1236,
1260,
1208,
1228,
1188,
1156,
1140,
1168,
1180,
1200,
1244,
1288,
1264,
1280,
1252,
1268,
1236,
1224,
1180,
1172,
1188,
1228,
1308,
1320,
1344,
1332,
1344,
1272,
1184,
1248,
1144,
1268,
1212,
1276,
1188,
1268,
1216,
1184,
1192,
1208,
1284,
1252,
1288,
1276,
1248,
1296,
1320,
1400,
1384,
1408,
1336,
1324,
1276,
1204,
1152,
1116,
1140,
1156,
1228,
1220,
1272,
1320,
1336,
1324,
1240,
1212,
1132,
1140,
1100,
1096,
1096,
1124,
1156,
1192,
1244,
1268,
1256,
1308,
1188,
1204,
1220,
1180,
1052,
1176,
1132,
1144,
1140,
1176,
1180,
1196,
1220,
1172,
1160,
1152,
1236,
1192,
1172,
1192,
1124,
1196,
1148,
1152,
1168,
1188,
1176,
1192,
1208,
1220,
1276,
1320,
1336,
1312,
1316,
1288,
1232,
1204,
1200,
1204,
1212,
1184,
1156,
1196,
1164,
1104,
1088,
1056,
1120,
1072,
1124,
1172,
1172,
1212,
1128,
1124,
1000,
1120,
1096,
1160,
1160,
1232,
1252,
1240,
1252,
1188,
1296,
1288,
1240,
1260,
1240,
1200,
1216,
1200,
1240,
1248,
1240,
1220,
1180,
1160,
1152,
1156,
1224,
1224,
1240,
1268,
1256,
1296,
1320,
1304,
1316,
1336,
1280,
1240,
1268,
1252,
1132,
1144,
1140,
1140,
1116,
1052,
1128,
1140,
1164,
1188,
1288,
1252,
1260,
1248,
1208,
1220,
1216,
1260,
1176,
1184,
1160,
1152,
1076,
1088,
1092,
1072,
1120,
1100,
1168,
1224,
1256,
1284,
1288,
1276,
1264,
1244,
1156,
1096,
1028,
1092,
1084,
1108,
1196,
1200,
1228,
1228,
1224,
1200,
1288,
1272,
1264,
1316,
1288,
1260,
1212,
1192,
1128,
1120,
1096,
1080,
1120,
1108,
1124,
1092,
1136,
1152,
1224,
1200,
1208,
1252,
1264,
1300,
1232,
1232,
1204,
1264,
1212,
1208,
1188,
1164,
1192,
1160,
1152,
1128,
1148,
1144,
1192,
1204,
1216,
1228,
1252,
1248,
1224,
1284,
1320,
1252,
1192,
1236,
1268,
1192,
1124,
1124,
1216,
1152,
1060,
1124,
1100,
1128,
1068,
1216,
1144,
1160,
1168,
1152,
1208,
1176,
1216,
1172,
1204,
1204,
1204,
1132,
1176,
1256,
1268,
1268,
1176,
1216,
1192,
1172,
1172,
1164,
1212,
1188,
1188,
1188,
1232,
1276,
1248,
1268,
1256,
1240,
1204,
1220,
1160,
1152,
1128,
1124,
1156,
1156,
1196,
1192,
1236,
1260,
1272,
1388,
1252,
1300,
1240,
1200,
1060,
1052,
1036,
1052,
1164,
1224,
1252,
1176,
1168,
1160,
1124,
1104,
1092,
1168,
1164,
1232,
1148,
1132,
1152,
1156,
1176,
1164,
1164,
1196,
1252,
1220,
1232,
1216,
1192,
1172,
1204,
1168,
1108,
1120,
1096,
1112,
1104,
1104,
1128,
1128,
1132,
1224,
1252,
1304,
1264,
1400,
1420,
1384,
1248,
1244,
1168,
1188,
1160,
1128,
1164,
1168,
1196,
1240,
1212,
1220,
1272,
1264,
1256,
1288,
1252,
1284,
1208,
1204,
1156,
1140,
1108,
1124,
1192,
1212,
1228,
1264,
1260,
1208,
1240,
1240,
1224,
1252,
1276,
1340,
1268,
1208,
1224,
1272,
1208,
1104,
1052,
1100,
1164,
1124,
1180,
1224,
1196,
1200,
1192,
1260,
1128,
1188,
1092,
1140,
1100,
1128,
1096,
1080,
1128,
1100,
1108,
1076,
1124,
1128,
1140,
1184,
1184,
1160,
1152,
1196,
1200,
1196,
1192,
1268,
1264,
1272,
1224,
1180,
1212,
1216,
1200,
1224,
1248,
1300,
1236,
1216,
1176,
1192,
1168,
1164,
1080,
1092,
1028,
1144,
1140,
1096,
1152,
1144,
1188,
1128,
1276,
1276,
1260,
1208,
1184,
1208,
1120,
1164,
1080,
1116,
1096,
1156,
1148,
1160,
1192,
1188,
1224,
1180,
1240,
1176,
1116,
1036,
964,
860,
872,
932,
900,
912,
892,
1028,
1088,
1156,
1228,
1212,
1172,
1136,
1092,
1080,
1128,
1068,
1080,
1100,
1104,
1136,
1096,
1124,
1112,
1216,
1300,
1312,
1296,
1284,
1284,
1236,
1320,
1296,
1352,
1300,
1224,
1196,
1148,
1112,
1100,
1132,
1112,
1164,
1192,
1188,
1224,
1200,
1240,
1216,
1196,
1216,
1204,
1192,
1160,
1116,
1124,
1144,
1152,
1184,
1244,
1240,
1208,
1172,
1176,
1140,
1076,
1012,
1004,
996,
1020,
1032,
996,
1048,
1048,
1056,
980,
1084,
1060,
1052,
1072,
1068,
1156,
1144,
1216,
1152,
1232,
1200,
1220,
1172,
1112,
1164,
1152,
1160,
1124,
1140,
1140,
1176,
1172,
1172,
1192,
1216,
1244,
1248,
1164,
1128,
1080,
1092,
1100,
1184,
1216,
1252,
1196,
1180,
1120,
1124,
1136,
1100,
1168,
1168,
1188,
1144,
1088,
1180,
1136,
1244,
1136,
1184,
1092,
1176,
1076,
1044,
1108,
1084,
1100,
1044,
1044,
1088,
1096,
1128,
1136,
1152,
1056,
1076,
988,
1016,
1012,
1060,
1124,
1164,
1188,
1116,
1124,
1112,
1072,
1064,
1028,
1076,
1092,
1164,
1176,
1180,
1172,
1124,
1140,
1148,
1152,
1208,
1240,
1280,
1284,
1300,
1140,
1152,
1180,
1132,
976,
1040,
1048,
1116,
1144,
1220,
1304,
1336,
1308,
1244,
1184,
1104,
1096,
984,
964,
1028,
1024,
1072,
1048,
1084,
1144,
1236,
1192,
1224,
1196,
1192,
1168,
1092,
1076,
1076,
1076,
1148,
1100,
1116,
1136,
1160,
1160,
1144,
1140,
1116,
1116,
1124,
1120,
1112,
1204,
1184,
1212,
1236,
1224,
1212,
1100,
1108,
992,
1056,
960,
964,
972,
1080,
1096,
1124,
1148,
1156,
1268,
1296,
1256,
1172,
1140,
1128,
1056,
1028,
1016,
1124,
1136,
1176,
1164,
1152,
1164,
1104,
1080,
1100,
1072,
1116,
1140,
1136,
1172,
1204,
1216,
1216,
1216,
1232,
1200,
1160,
1084,
1072,
1092,
1128,
1120,
1092,
1176,
1156,
1136,
1028,
1124,
1160,
1260,
1292,
1300,
1296,
1268,
1304,
1272,
1204,
1104,
1088,
1052,
1060,
1028,
1020,
1120,
1152,
1232,
1252,
1228,
1180,
1120,
1096,
1080,
1092,
1104,
1100,
1128,
1200,
1196,
1244,
1252,
1204,
1112,
1056,
972,
956,
1024,
1012,
1000,
988,
996,
1040,
1088,
1124,
1228,
1304,
1156,
1040,
1260,
1464,
1264,
932,
888,
1132,
1196,
1076,
980,
1084,
1160,
1052,
948,
1088,
1164,
1084,
976,
1080,
1304,
1316,
1116,
1048,
1164,
1232,
1120,
1048,
1032,
1088,
1036,
1028,
1100,
1176,
1176,
1140,
1148,
1200,
1168,
1104,
1096,
1160,
1164,
1076,
1144,
1152,
1092,
1124,
1084,
1144,
1140,
1200,
1164,
1216,
1160,
1116,
1048,
996,
1152,
1172,
1088,
1124,
1288,
1272,
1144,
1160,
1212,
1236,
1172,
1260,
1252,
1260,
1268,
1284,
1252,
1152,
1128,
1160,
1144,
1116,
1180,
1280,
1160,
1152,
1176,
1144,
1068,
1100,
1124,
1096,
1104,
1108,
1168,
1096,
1028,
1112,
1168,
1272,
1212,
1352,
1260,
1264,
1140,
1088,
996,
996,
1008,
1016,
1164,
1188,
1280,
1340,
1304,
1264,
1180,
1208,
1180,
1152,
1092,
1100,
1064,
1088,
1092,
1092,
1128,
1128,
1180,
1192,
1228,
1220,
1216,
1184,
1116,
1104,
1076,
1056,
1096,
1164,
1172,
1172,
1200,
1232,
1212,
1208,
1160,
1192,
1124,
1212,
1160,
1152,
1056,
1124,
1088,
1100,
1080,
1088,
1096,
1120,
1164,
1224,
1260,
1256,
1276,
1196,
1156,
1152,
1096,
1084,
1064,
1056,
1008,
1048,
1068,
1140,
1152,
1184,
1228,
1184,
1208,
1168,
1116,
1108,
1060,
1016,
1052,
1060,
1096,
1112,
1088,
1076,
1112,
1132,
1148,
1120,
1180,
1132,
1112,
1116,
1112,
1136,
1100,
1220,
1116,
1192,
1112,
1112,
1060,
1064,
1064,
1056,
1072,
1052,
1108,
1104,
1096,
1100,
1096,
1172,
1200,
1200,
1152,
1160,
1136,
1132,
1124,
1116,
1056,
1028,
1000,
964,
992,
972,
1020,
1032,
1044,
1084,
1100,
1144,
1176,
1216,
1280,
1260,
1204,
1148,
1064,
1024,
996,
900,
936,
912,
924,
916,
1028,
1020,
1036,
1016,
1024,
1092,
1064,
1116,
1084,
1124,
1136,
1156,
1112,
1120,
1160,
1128,
1132,
1068,
1108,
1092,
1124,
1076,
1076,
1080,
1084,
1016,
1020,
1024,
992,
1064,
1060,
1128,
1228,
1232,
1220,
1204,
1152,
1144,
1156,
1136,
1168,
1184,
1180,
1140,
1076,
1072,
1004,
1012,
1056,
1036,
1084,
1164,
1208,
1172,
1148,
1052,
1048,
1028,
1008,
1092,
1148,
1212,
1256,
1256,
1152,
1092,
912,
792,
752,
768,
848,
940,
1124,
1228,
1356,
1404,
1416,
1388,
1368,
1308,
1144,
1028,
900,
804,
784,
848,
1012,
1224,
1440,
1540,
1592,
1524,
1448,
1292,
1048,
896,
720,
668,
584,
748,
912,
1124,
1332,
1448,
1608,
1592,
1548,
1320,
1180,
980,
900,
772,
764,
764,
788,
900,
980,
1112,
1192,
1272,
1272,
1228,
1212,
1188,
1100,
996,
908,
836,
764,
852,
852,
952,
1032,
1116,
1128,
1176,
1204,
1176,
1128,
1108,
1124,
1088,
1020,
944,
932,
1000,
924,
1004,
968,
1108,
1084,
1116,
1060,
1016,
1064,
1060,
1092,
1032,
1064,
1128,
1188,
1192,
1124,
1116,
1092,
1124,
1072,
1104,
1140,
1180,
1228,
1212,
1180,
1108,
1076,
1044,
1024,
1060,
1108,
1076,
1104,
1092,
1092,
1092,
1048,
1020,
1032,
1064,
1060,
1084,
1088,
1144,
1116,
1168,
1068,
1116,
1088,
1040,
912,
1008,
968,
960,
924,
924,
976,
1028,
1056,
1088,
1156,
1164,
1212,
1172,
1144,
1212,
1172,
1124,
1028,
1032,
1028,
1076,
1064,
1072,
1084,
1128,
1160,
1188,
1212,
1204,
1192,
1192,
1116,
1076,
1044,
1068,
1048,
1060,
1128,
1152,
1192,
1180,
1144,
1076,
1108,
1076,
1068,
1100,
1092,
1076,
1008,
1080,
1016,
1092,
1092,
1140,
1080,
1112,
1052,
1040,
1052,
1016,
1076,
1076,
1060,
1064,
1096,
1080,
1096,
1060,
1048,
1112,
1132,
1096,
1096,
1068,
1064,
1000,
976,
1004,
1048,
1056,
1068,
1060,
1060,
1052,
1080,
1084,
1116,
1104,
1052,
1048,
1028,
1036,
1012,
1044,
1024,
1008,
1120,
1088,
1068,
1032,
1144,
1124,
1124,
1060,
1020,
1092,
1068,
1124,
1120,
1112,
1132,
1192,
1136,
1076,
1080,
1028,
1016,
996,
1060,
1040,
1028,
1032,
1076,
1060,
1076,
1064,
1032,
1012,
980,
988,
968,
1004,
1008,
992,
992,
1048,
1076,
1136,
1244,
1200,
1220,
1152,
1080,
1036,
1016,
1020,
984,
1036,
1124,
1136,
1184,
1200,
1208,
1180,
1156,
1128,
1100,
1052,
984,
980,
944,
996,
1016,
1072,
1096,
1124,
1092,
1132,
1168,
1180,
1212,
1164,
1132,
1124,
1124,
1080,
1024,
1016,
980,
992,
956,
1000,
956,
968,
1000,
1024,
1100,
1156,
1224,
1196,
1164,
1120,
1140,
1160,
1056,
1084,
1052,
1044,
996,
1112,
1116,
1116,
1064,
1048,
1072,
1032,
1052,
960,
992,
1008,
1056,
1040,
1052,
1080,
1060,
1092,
1056,
1064,
1052,
1116,
1144,
1116,
1112,
1100,
1112,
1028,
996,
936,
900,
940,
896,
964,
980,
1020,
976,
1040,
1040,
1080,
1064,
1020,
1068,
1084,
1088,
1072,
1032,
1116,
1076,
1188,
1144,
1140,
1060,
1120,
1036,
1016,
1036,
1060,
1116,
1144,
1200,
1156,
1128,
1096,
996,
980,
908,
980,
972,
1032,
1088,
1116,
1180,
1160,
1160,
1156,
1156,
1108,
1100,
1056,
1016,
1040,
1020,
1048,
1052,
1032,
1024,
1060,
1076,
1100,
1116,
1112,
1032,
1088,
1052,
1052,
900,
1000,
976,
956,
892,
1036,
1072,
1136,
1124,
1200,
1212,
1180,
1128,
1064,
1004,
1036,
1060,
1012,
1012,
1072,
1076,
1148,
1076,
1124,
1148,
1136,
1116,
1100,
1100,
1044,
1064,
1016,
1004,
1016,
1028,
1084,
1124,
1156,
1140,
1108,
1052,
988,
952,
928,
936,
976,
1032,
1004,
1064,
1080,
1072,
1076,
1056,
1032,
980,
1032,
976,
1040,
1016,
1080,
1064,
1128,
1152,
1124,
1136,
1052,
1060,
1024,
976,
976,
1004,
1072,
1064,
1116,
1144,
1136,
1100,
1096,
1088,
1068,
1132,
1120,
1084,
1080,
1060,
1096,
1080,
1036,
1064,
1088,
1048,
1096,
1156,
1120,
1068,
1076,
1076,
1092,
1052,
1176,
1160,
1040,
1076,
1044,
1068,
952,
1068,
1096,
1128,
1124,
1116,
1180,
1160,
1224,
1180,
1164,
1072,
1076,
1024,
1012,
1012,
984,
996,
944,
972,
972,
956,
944,
968,
1016,
1028,
1048,
1012,
964,
924,
984,
980,
1036,
1060,
1124,
1112,
1100,
1084,
1012,
1024,
992,
1052,
1072,
1056,
1052,
1048,
1112,
1044,
1028,
1028,
1036,
1016,
1008,
976,
960,
964,
944,
952,
992,
968,
1076,
1064,
1088,
1036,
1076,
1080,
1144,
1120,
1152,
1156,
1140,
1152,
1140,
1088,
1056,
1028,
1000,
1024,
1024,
1000,
988,
928,
932,
940,
992,
1036,
1056,
1100,
1156,
1164,
1136,
1128,
1084,
1088,
976,
872,
932,
884,
940,
860,
996,
