2132,
2140,
2204,
2236,
2308,
2336,
2364,
2404,
2420,
2440,
2404,
2312,
2300,
2328,
2348,
2288,
2264,
2280,
2356,
2356,
2416,
2420,
2416,
2428,
2412,
2372,
2296,
2240,
2224,
2168,
2080,
2088,
2140,
2164,
2240,
2220,
2216,
2292,
2336,
2380,
2368,
2324,
2328,
2308,
2212,
2160,
2196,
2188,
2276,
2312,
2364,
2404,
2420,
2368,
2328,
2320,
2300,
2256,
2200,
2212,
2192,
2228,
2260,
2248,
2336,
2344,
2308,
2308,
2296,
2244,
2284,
2292,
2260,
2268,
2248,
2228,
2256,
2264,
2288,
2292,
2304,
2300,
2332,
2348,
2356,
2352,
2336,
2312,
2252,
2264,
2268,
2264,
2296,
2332,
2372,
2384,
2372,
2344,
2288,
2252,
2268,
2240,
2240,
2300,
2328,
2332,
2296,
2240,
2204,
2212,
2256,
2200,
2232,
2276,
2232,
2276,
2392,
2360,
2384,
2408,
2380,
2384,
2344,
2320,
2340,
2244,
2112,
2008,
2068,
2328,
2616,
2916,
3340,
3712,
4052,
4244,
4312,
4296,
4256,
4104,
3924,
3748,
3660,
3560,
3496,
3496,
3448,
3448,
3492,
3528,
3584,
3708,
3740,
3676,
3632,
3648,
3664,
3640,
3628,
3612,
3592,
3664,
3732,
3676,
3632,
3628,
3600,
3552,
3608,
3576,
3572,
3608,
3604,
3588,
3552,
3508,
3444,
3384,
3400,
3420,
3420,
3512,
3576,
3664,
3712,
3748,
3764,
3792,
3756,
3712,
3708,
3664,
3628,
3592,
3572,
3536,
3512,
3480,
3540,
3552,
3560,
3620,
3624,
3636,
3628,
3648,
3692,
3704,
3680,
3636,
3580,
3556,
3520,
3496,
3488,
3524,
3544,
3488,
3464,
3552,
3532,
3532,
3564,
3564,
3624,
3660,
3644,
3636,
3668,
3712,
3704,
3624,
3640,
3636,
3612,
3676,
3668,
3580,
3580,
3568,
3524,
3588,
3612,
3624,
3636,
3648,
3688,
3668,
3644,
3612,
3604,
3616,
3636,
3584,
3520,
3560,
3612,
3620,
3592,
3580,
3576,
3612,
3612,
3620,
3572,
3568,
3632,
3604,
3608,
3600,
3600,
3556,
3520,
3528,
3492,
3444,
3452,
3468,
3508,
3548,
3560,
3584,
3660,
3680,
3720,
3676,
3668,
3584,
3516,
3484,
3476,
3520,
3556,
3536,
3504,
3484,
3492,
3500,
3524,
3568,
3608,
3596,
3632,
3596,
3636,
3596,
3544,
3512,
3488,
3552,
3532,
3484,
3504,
3552,
3584,
3604,
3568,
3508,
3576,
3544,
3500,
3488,
3508,
3556,
3588,
3612,
3628,
3548,
3556,
3596,
3516,
3516,
3624,
3572,
3600,
3536,
3476,
3452,
3508,
3552,
3552,
3596,
3636,
3632,
3496,
3468,
3516,
3448,
3428,
3464,
3548,
3488,
3484,
3564,
3536,
3440,
3444,
3596,
3624,
3588,
3636,
3696,
3632,
3576,
3528,
3448,
3420,
3492,
3412,
3240,
3456,
3656,
3544,
3520,
3784,
3800,
3576,
3584,
3724,
3536,
3380,
3484,
3492,
3344,
3444,
3556,
3528,
3600,
3708,
3632,
3552,
3600,
3552,
3428,
3480,
3528,
3528,
3536,
3612,
3580,
3516,
3568,
3624,
3588,
3628,
3628,
3592,
3552,
3560,
3628,
3656,
3592,
3592,
3616,
3572,
3552,
3592,
3568,
3660,
3712,
3684,
3648,
3592,
3552,
3592,
3536,
3456,
3424,
3456,
3476,
3460,
3384,
3440,
3488,
3524,
3492,
3448,
3460,
3536,
3540,
3540,
3516,
3504,
3560,
3500,
3404,
3416,
3416,
3440,
3468,
3484,
3564,
3568,
3532,
3512,
3520,
3540,
3500,
3456,
3484,
3428,
3400,
3412,
3400,
3388,
3468,
3512,
3548,
3592,
3608,
3676,
3712,
3684,
3652,
3572,
3464,
3416,
3408,
3384,
3408,
3480,
3488,
3528,
3496,
3484,
3496,
3484,
3560,
3580,
3556,
3592,
3548,
3536,
3496,
3476,
3500,
3536,
3548,
3632,
3656,
3636,
3592,
3504,
3428,
3348,
3328,
3356,
3372,
3396,
3464,
3544,
3528,
3492,
3440,
3436,
3408,
3368,
3320,
3260,
3328,
3348,
3368,
3404,
3436,
3488,
3488,
3452,
3448,
3432,
3504,
3544,
3512,
3496,
3500,
3496,
3516,
3496,
3480,
3520,
3560,
3552,
3532,
3464,
3384,
3356,
3352,
3428,
3444,
3472,
3476,
3480,
3496,
3456,
3400,
3380,
3432,
3456,
3492,
3512,
3488,
3452,
3404,
3364,
3368,
3348,
3400,
3476,
3492,
3492,
3460,
3500,
3516,
3536,
3580,
3568,
3524,
3456,
3400,
3352,
3316,
3304,
3320,
3364,
3388,
3408,
3408,
3416,
3460,
3488,
3496,
3524,
3556,
3544,
3564,
3540,
3520,
3436,
3404,
3412,
3400,
3420,
3428,
3460,
3436,
3480,
3512,
3512,
3528,
3516,
3524,
3556,
3512,
3476,
3460,
3476,
3432,
3412,
3368,
3412,
3336,
3312,
3284,
3284,
3308,
3332,
3332,
3388,
3404,
3480,
3488,
3440,
3436,
3456,
3460,
3512,
3496,
3476,
3512,
3552,
3560,
3544,
3508,
3540,
3524,
3484,
3460,
3428,
3404,
3408,
3364,
3392,
3388,
3452,
3424,
3464,
3488,
3504,
3464,
3424,
3412,
3388,
3420,
3456,
3432,
3488,
3488,
3464,
3480,
3464,
3432,
3480,
3472,
3440,
3412,
3444,
3428,
3452,
3480,
3500,
3472,
3420,
3364,
3344,
3348,
3320,
3320,
3316,
3340,
3356,
3364,
3408,
3412,
3444,
3464,
3440,
3460,
3420,
3392,
3400,
3424,
3420,
3352,
3312,
3284,
3340,
3388,
3452,
3440,
3420,
3492,
3532,
3468,
3388,
3320,
3288,
3292,
3320,
3284,
3380,
3492,
3532,
3508,
3484,
3536,
3576,
3512,
3428,
3360,
3348,
3380,
3332,
3264,
3264,
3284,
3332,
3356,
3352,
3372,
3456,
3428,
3448,
3464,
3496,
3508,
3480,
3456,
3456,
3424,
3448,
3420,
3436,
3476,
3500,
3440,
3408,
3444,
3480,
3408,
3396,
3376,
3332,
3344,
3364,
3416,
3412,
3388,
3360,
3356,
3340,
3328,
3340,
3404,
3412,
3452,
3476,
3488,
3492,
3480,
3452,
3436,
3372,
3300,
3268,
3232,
3252,
3268,
3288,
3332,
3364,
3380,
3388,
3400,
3384,
3404,
3340,
3284,
3336,
3360,
3344,
3372,
3364,
3316,
3308,
3348,
3336,
3340,
3352,
3388,
3332,
3360,
3376,
3320,
3276,
3324,
3348,
3372,
3412,
3372,
3404,
3532,
3568,
3572,
3492,
3444,
3464,
3468,
3380,
3304,
3280,
3316,
3336,
3276,
3304,
3360,
3364,
3404,
3360,
3336,
3368,
3364,
3332,
3308,
3304,
3304,
3300,
3276,
3280,
3260,
3316,
3348,
3352,
3344,
3384,
3328,
3292,
3364,
3420,
3392,
3372,
3284,
3268,
3332,
3368,
3360,
3364,
3388,
3440,
3452,
3424,
3372,
3344,
3324,
3312,
3308,
3324,
3344,
3292,
3296,
3312,
3280,
3312,
3320,
3328,
3252,
3272,
3292,
3300,
3296,
3296,
3316,
3324,
3352,
3376,
3396,
3324,
3296,
3264,
3220,
3220,
3216,
3248,
3252,
3276,
3276,
3284,
3316,
3316,
3272,
3256,
3296,
3256,
3208,
3252,
3304,
3340,
3364,
3316,
3324,
3388,
3356,
3344,
3300,
3304,
3372,
3388,
3332,
3320,
3292,
3304,
3380,
3360,
3348,
3352,
3352,
3336,
3280,
3256,
3288,
3368,
3380,
3400,
3432,
3464,
3476,
3428,
3352,
3312,
3268,
3288,
3276,
3264,
3232,
3192,
3156,
3180,
3244,
3340,
3316,
3320,
3344,
3356,
3364,
3288,
3268,
3304,
3276,
3240,
3240,
3240,
3220,
3264,
3304,
3268,
3304,
3280,
3300,
3332,
3344,
3352,
3396,
3436,
3396,
3356,
3284,
3304,
3288,
3272,
3256,
3272,
3344,
3364,
3420,
3428,
3384,
3320,
3288,
3276,
3208,
3164,
3176,
3272,
3340,
3372,
3308,
3292,
3308,
3284,
3252,
3212,
3320,
3340,
3248,
3240,
3324,
3364,
3416,
3440,
3372,
3380,
3372,
3348,
3264,
3236,
3224,
3264,
3292,
3272,
3268,
3268,
3260,
3276,
3192,
3244,
3248,
3180,
3144,
3136,
3164,
3260,
3224,
3252,
3272,
3332,
3396,
3428,
3400,
3344,
3280,
3256,
3228,
3124,
3096,
3156,
3204,
3244,
3304,
3368,
3416,
3408,
3396,
3344,
3336,
3348,
3328,
3280,
3304,
3300,
3248,
3264,
3304,
3336,
3320,
3308,
3352,
3364,
3368,
3316,
3308,
3300,
3280,
3216,
3188,
3180,
3184,
3228,
3196,
3156,
3172,
3204,
3264,
3300,
3340,
3352,
3324,
3316,
3312,
3332,
3320,
3232,
3240,
3224,
3208,
3172,
3192,
3164,
3180,
3264,
3288,
3316,
3364,
3400,
3356,
3288,
3244,
3200,
3240,
3288,
3220,
3184,
3292,
3320,
3248,
3260,
3276,
3268,
3256,
3236,
3212,
3220,
3268,
3272,
3188,
3160,
3212,
3152,
3224,
3232,
3196,
3188,
3248,
3244,
3256,
3196,
3188,
3148,
3120,
3204,
3196,
3256,
3296,
3292,
3256,
3260,
3200,
3220,
3304,
3372,
3412,
3400,
3320,
3244,
3160,
3156,
3124,
3108,
3164,
3172,
3236,
3244,
3292,
3344,
3336,
3320,
3360,
3332,
3336,
3324,
3304,
3332,
3288,
3212,
3180,
3148,
3104,
3116,
3136,
3168,
3188,
3224,
3216,
3228,
3256,
3288,
3316,
3332,
3336,
3308,
3256,
3272,
3284,
3332,
3320,
3360,
3340,
3384,
3380,
3272,
3232,
3228,
3296,
3236,
3208,
3208,
3252,
3236,
3208,
3156,
3116,
3172,
3176,
3208,
3256,
3236,
3316,
3368,
3352,
3320,
3320,
3336,
3336,
3276,
3240,
3260,
3240,
3252,
3200,
3128,
3148,
3176,
3188,
3216,
3236,
3260,
3324,
3316,
3336,
3396,
3368,
3324,
3184,
3116,
3060,
3096,
3076,
3084,
3132,
3240,
3308,
3288,
3340,
3292,
3336,
3336,
3292,
3288,
3280,
3248,
3252,
3276,
3228,
3248,
3228,
3188,
3144,
3068,
3068,
3124,
3160,
3212,
3212,
3268,
3288,
3320,
3276,
3288,
3252,
3188,
3176,
3208,
3176,
3204,
3232,
3188,
3172,
3220,
3228,
3208,
3180,
3192,
3208,
3208,
3192,
3180,
3204,
3252,
3300,
3304,
3292,
3228,
3292,
3272,
3152,
3072,
3104,
3044,
3008,
3068,
3024,
3100,
3184,
3212,
3216,
3232,
3296,
3292,
3236,
3204,
3132,
3096,
3136,
3104,
3048,
3160,
3196,
3268,
3280,
3260,
3252,
3260,
3260,
3260,
3240,
3244,
3208,
3136,
3112,
3132,
3172,
3176,
3180,
3148,
3228,
3200,
3064,
3008,
3060,
3160,
3140,
3148,
3196,
3220,
3232,
3228,
3256,
3256,
3264,
3256,
3204,
3180,
3148,
3156,
3168,
3180,
3196,
3164,
3152,
3156,
3156,
3156,
3148,
3176,
3148,
3208,
3224,
3200,
3176,
3076,
3076,
3052,
3024,
3068,
3104,
3124,
3148,
3176,
3164,
3188,
3192,
3220,
3244,
3248,
3280,
3240,
3236,
3208,
3208,
3244,
3212,
3156,
3100,
3136,
3068,
3024,
3056,
3112,
3120,
3156,
3124,
3116,
3192,
3240,
3240,
3240,
3200,
3216,
3196,
3136,
3160,
3160,
3112,
3132,
3080,
3100,
3144,
3196,
3236,
3204,
3200,
3268,
3320,
3336,
3356,
3336,
3288,
3236,
3124,
3072,
3032,
3016,
3012,
3004,
3048,
3108,
3100,
3084,
3116,
3156,
3188,
3164,
3104,
3052,
3052,
3048,
3076,
3096,
3140,
3164,
3152,
3140,
3136,
3124,
3120,
3156,
3188,
3200,
3204,
3160,
3124,
3100,
3080,
3052,
3064,
3044,
3080,
3104,
3148,
3164,
3208,
3176,
3200,
3184,
3184,
3220,
3160,
3136,
3120,
3092,
3092,
3072,
3084,
3104,
3188,
3208,
3172,
3180,
3140,
3148,
3068,
3040,
3088,
3040,
3016,
3056,
3100,
3136,
3104,
3088,
3076,
3160,
3144,
3156,
3140,
3104,
3136,
3180,
3168,
3096,
3060,
3068,
3136,
3136,
3108,
3160,
3188,
3224,
3184,
3112,
3092,
3084,
3016,
3000,
3016,
3020,
2984,
2980,
3048,
3128,
3196,
3268,
3228,
3256,
3276,
3284,
3188,
3136,
3096,
3092,
3044,
3008,
3036,
3084,
3128,
3100,
3084,
3080,
3084,
3112,
3128,
3168,
3176,
3256,
3204,
3144,
3104,
3100,
3108,
3116,
3100,
3072,
3060,
3084,
3096,
3052,
3056,
3140,
3176,
3224,
3268,
3256,
3208,
3148,
3112,
3096,
3076,
3060,
3012,
3068,
3060,
3052,
3068,
3108,
3116,
3112,
3036,
3092,
3096,
3100,
3120,
3132,
3180,
3176,
3104,
3084,
3120,
3124,
3144,
3232,
3160,
3192,
3204,
3180,
3160,
3144,
3164,
3220,
3188,
3148,
3132,
3052,
3044,
3060,
2996,
3000,
3044,
3172,
3192,
3208,
3236,
3220,
3136,
3136,
3040,
2980,
3048,
3032,
2996,
3028,
3060,
3088,
3096,
3104,
3176,
3196,
3152,
3100,
3068,
3104,
3052,
3000,
2972,
2920,
2936,
3000,
3084,
3144,
3204,
3240,
3260,
3240,
3176,
3196,
3160,
3112,
3064,
3000,
2956,
2968,
2944,
2964,
3012,
3016,
3076,
3140,
3156,
3204,
3172,
3160,
3136,
3108,
3064,
3052,
3028,
3068,
3072,
3108,
3144,
3096,
3088,
3108,
3112,
3100,
3032,
3008,
2972,
2936,
2984,
3000,
3040,
3064,
3040,
3064,
3040,
3020,
3072,
3132,
3164,
3240,
3168,
3052,
3096,
3080,
3036,
2968,
2948,
3028,
3036,
3048,
3096,
3112,
3188,
3224,
3160,
3080,
3084,
3088,
3080,
3020,
2976,
3016,
3060,
3160,
3184,
3236,
3216,
3188,
3088,
3048,
3032,
3008,
2996,
3020,
3048,
3064,
3024,
3028,
3076,
3064,
3092,
3068,
2988,
2988,
3076,
3060,
3084,
3128,
3128,
3108,
3112,
3052,
3024,
3028,
2988,
2964,
2960,
2964,
2936,
2960,
3036,
3080,
3096,
3132,
3172,
3216,
3180,
3176,
3116,
3088,
3048,
2992,
2936,
2952,
2988,
3052,
3072,
3028,
3000,
3016,
3004,
3004,
3016,
3064,
3036,
3060,
3056,
3080,
3040,
3048,
3032,
2996,
3060,
3044,
2980,
3020,
3096,
3144,
3160,
3096,
3004,
3036,
3036,
3000,
3004,
2996,
3056,
3132,
3120,
3132,
3112,
3104,
3112,
3048,
2996,
3032,
3008,
3056,
2992,
2992,
3000,
3052,
3044,
3088,
3088,
3108,
3088,
3024,
2996,
3000,
2984,
3024,
3028,
3040,
3064,
3068,
3028,
2996,
3036,
3112,
3140,
3104,
3124,
3092,
3084,
3100,
3060,
3108,
3164,
3136,
3124,
3108,
3068,
3076,
3076,
3092,
3108,
3076,
3036,
3008,
3044,
3060,
3060,
3036,
3016,
2988,
2952,
3008,
2964,
2988,
3004,
3044,
2988,
2948,
2956,
2948,
2960,
2976,
2976,
3004,
2968,
2968,
2960,
3036,
3068,
3112,
3076,
3064,
3032,
2972,
2944,
2896,
2968,
3036,
3000,
3040,
3116,
3128,
3148,
3184,
3116,
3072,
3104,
3044,
3020,
2944,
2924,
3032,
2980,
2960,
3000,
3036,
3076,
3080,
3036,
3160,
3212,
3220,
3128,
3056,
2952,
2864,
2812,
2880,
2860,
2908,
3040,
3168,
3192,
3128,
3116,
3148,
3124,
2976,
2876,
2884,
2976,
2956,
2872,
2952,
3116,
3112,
3032,
3024,
3100,
3100,
3024,
2968,
2988,
3044,
2996,
2856,
2812,
2868,
2868,
2824,
2884,
2960,
2996,
2972,
2952,
3076,
3132,
3060,
3052,
3124,
3228,
3184,
3096,
3080,
3072,
3000,
2904,
2924,
2952,
2984,
2984,
2996,
3052,
3100,
3076,
3028,
3000,
2996,
2968,
2880,
2892,
2912,
2912,
2940,
2944,
3012,
3036,
3068,
3072,
3116,
3100,
3068,
3048,
2972,
2964,
2996,
3004,
3012,
2964,
2948,
2976,
2956,
2916,
2892,
2932,
3032,
3016,
2984,
3020,
3040,
3060,
3008,
2924,
2916,
2948,
2980,
3016,
2976,
2988,
3036,
3032,
3016,
3052,
3068,
3072,
3048,
3028,
3052,
3088,
3100,
2976,
2940,
2984,
2996,
3004,
2964,
2932,
2924,
3008,
2952,
2960,
3048,
3024,
2844,
2856,
2880,
2788,
2752,
2832,
2904,
2896,
2876,
2972,
3032,
3012,
3044,
3020,
2976,
3032,
3048,
2920,
2928,
3088,
3076,
2884,
3004,
3228,
3092,
2916,
3124,
3144,
2876,
2876,
2980,
2856,
2772,
2944,
3016,
3000,
3120,
3168,
3088,
3072,
3112,
2968,
2872,
2932,
2932,
2836,
2860,
2984,
3028,
3028,
3012,
2972,
2932,
2872,
2836,
2764,
2776,
2868,
2972,
3024,
3056,
3048,
3072,
3040,
2952,
2912,
2880,
2840,
2876,
2860,
2860,
2920,
2964,
3000,
3024,
3052,
3048,
3012,
2936,
2936,
2976,
2984,
2972,
2896,
2900,
2896,
2928,
2932,
3004,
3088,
3108,
3108,
3084,
3028,
2956,
2936,
2864,
2792,
2772,
2812,
2860,
2896,
2976,
2996,
3016,
2972,
2964,
2976,
3024,
3056,
3072,
3036,
3036,
3020,
2984,
2904,
2904,
2856,
2844,
2820,
2808,
2792,
2816,
2816,
2792,
2808,
2856,
2860,
2880,
2884,
2888,
2904,
2924,
2956,
2988,
2972,
2948,
2952,
2952,
2952,
2964,
2968,
2956,
3052,
3080,
3052,
2984,
2964,
2900,
2896,
2968,
2952,
3040,
3112,
3112,
3108,
3044,
3040,
3036,
2920,
2856,
2832,
2788,
2856,
2932,
2964,
3052,
3076,
3092,
3096,
3056,
3016,
2988,
2948,
2952,
2976,
3016,
3104,
3064,
3032,
3032,
2984,
2988,
2948,
2896,
2896,
2888,
2860,
2876,
2924,
3044,
3068,
3084,
3088,
3004,
2976,
2980,
2936,
2856,
2860,
2876,
2840,
2904,
2904,
2896,
2928,
2916,
2928,
2968,
2968,
2984,
2996,
2988,
2968,
2956,
2948,
2912,
2860,
2808,
2788,
2796,
2772,
2824,
2860,
2872,
2848,
2852,
2876,
2908,
2864,
2920,
2964,
2992,
3016,
3068,
3080,
2996,
2924,
2856,
2868,
2896,
2908,
2868,
2872,
2940,
2952,
2916,
2932,
2956,
2984,
2988,
2936,
2896,
2920,
2896,
2836,
2768,
2772,
2828,
2924,
2920,
2936,
2952,
2992,
3040,
2940,
2920,
2944,
2968,
2980,
2940,
2876,
2892,
2860,
2836,
2860,
2916,
2944,
2920,
2900,
2908,
2936,
2932,
2920,
2888,
2884,
2916,
2864,
2808,
2852,
2820,
2756,
2708,
2724,
2772,
2872,
2984,
3044,
3000,
2984,
2988,
2948,
2888,
2832,
2820,
2808,
2856,
2900,
2924,
2948,
2972,
2936,
2916,
2884,
2900,
2900,
2920,
2948,
2940,
2960,
2936,
2868,
2840,
2820,
2796,
2832,
2872,
2936,
2920,
2924,
2940,
2928,
2924,
2888,
2852,
2856,
2876,
2848,
2880,
2892,
2916,
2912,
2872,
2928,
2864,
2804,
2788,
2760,
2720,
2672,
2688,
2716,
2860,
2912,
2936,
2968,
2940,
2992,
3040,
2940,
2872,
2880,
2868,
2916,
2908,
2868,
2856,
2828,
2900,
2920,
2888,
2932,
2936,
2924,
2920,
2880,
2920,
2912,
2836,
2844,
2848,
2900,
2952,
2972,
3016,
3016,
3052,
2984,
2916,
2872,
2840,
2812,
2776,
2800,
2784,
2808,
2844,
2820,
2844,
2872,
2896,
2880,
2856,
2828,
2864,
2896,
2884,
2948,
2968,
2992,
3012,
2920,
2884,
2884,
2868,
2848,
2872,
2916,
2940,
2980,
2976,
2952,
2940,
2948,
2936,
2944,
2984,
2952,
2948,
2940,
2916,
2920,
2912,
2888,
2920,
2876,
2900,
2824,
2812,
2844,
2848,
2780,
2724,
2796,
2820,
2792,
2776,
2816,
2816,
2832,
2884,
2828,
2836,
2868,
2776,
2720,
2720,
2772,
2868,
2908,
2940,
2956,
2964,
3044,
2972,
2816,
2796,
2780,
2848,
2904,
2856,
2872,
2876,
2884,
2928,
2896,
2896,
2880,
2816,
2856,
2860,
2796,
2804,
2816,
2788,
2804,
2848,
2832,
2876,
2928,
2956,
2872,
2868,
2860,
2780,
2752,
2816,
2780,
2752,
2752,
2800,
2804,
2864,
2820,
2832,
2860,
2860,
2864,
2920,
2912,
2908,
2912,
2876,
2868,
2876,
2848,
2812,
2796,
2812,
2852,
2848,
2852,
2836,
2852,
2852,
2908,
2936,
2948,
2940,
2964,
2924,
2844,
2788,
2744,
2780,
2792,
2816,
2916,
2948,
2932,
2940,
2904,
2872,
2828,
2840,
2808,
2744,
2764,
2812,
2896,
2896,
2896,
2912,
2972,
3000,
2984,
2980,
2968,
2916,
2916,
2872,
2820,
2764,
2768,
2788,
2752,
2796,
2872,
2880,
2860,
2828,
2792,
2824,
2856,
2904,
2924,
2940,
2916,
2848,
2800,
2792,
2784,
2828,
2832,
2840,
2876,
2872,
2828,
2832,
2936,
2884,
2816,
2848,
2884,
2848,
2824,
2864,
2900,
2868,
2896,
2936,
2880,
2884,
2816,
2812,
2796,
2764,
2720,
2708,
2740,
2776,
2768,
2836,
2896,
2932,
2892,
2888,
2916,
2876,
2840,
2832,
2836,
2900,
2896,
2860,
2912,
3012,
2992,
2940,
2944,
2920,
2824,
2816,
2812,
2804,
2756,
2772,
2776,
2864,
2924,
2912,
2872,
2900,
3016,
2960,
2880,
2844,
2896,
2840,
2844,
2816,
2748,
2832,
2884,
2944,
2964,
2980,
3036,
3016,
2972,
2944,
2904,
2880,
2892,
2808,
2788,
2720,
2692,
2760,
2720,
2736,
2804,
2892,
2936,
2924,
2888,
2996,
2932,
2852,
2808,
2736,
2708,
2720,
2680,
2720,
2736,
2740,
2728,
2796,
2824,
2928,
2924,
2912,
2904,
2816,
2832,
2752,
2688,
2712,
2736,
2824,
2880,
2916,
2876,
2900,
2844,
2828,
2816,
2796,
2792,
2828,
2828,
2824,
2788,
2800,
2812,
2812,
2796,
2792,
2840,
2852,
2920,
2940,
2944,
2916,
2868,
2780,
2724,
2692,
2664,
2596,
2588,
2624,
2708,
2760,
2848,
2916,
2924,
2944,
2884,
2836,
2784,
2760,
2804,
2860,
2840,
2868,
2900,
2780,
2816,
2788,
2668,
2716,
2780,
2800,
2840,
2896,
2940,
3032,
3040,
2964,
2936,
2884,
2872,
2816,
2732,
2736,
2764,
2820,
2796,
2736,
2756,
2828,
2836,
2892,
2944,
2936,
2904,
2828,
2788,
2828,
2832,
2860,
2800,
2744,
2804,
2804,
2812,
2792,
2820,
2892,
2916,
2932,
2892,
2848,
2780,
2724,
2700,
2628,
2612,
2620,
2684,
2700,
2712,
2792,
2844,
2904,
2856,
2808,
2804,
2820,
2804,
2780,
2732,
2676,
2668,
2596,
2632,
2668,
2688,
2728,
2704,
2732,
2772,
2816,
2904,
2940,
2948,
2964,
2980,
2952,
2920,
2836,
2780,
2768,
2732,
2720,
2784,
2796,
2816,
2804,
2784,
2800,
2828,
2812,
2780,
2780,
2724,
2820,
2840,
2700,
2700,
2728,
2752,
2772,
2752,
2796,
2844,
2868,
2888,
2904,
2928,
2936,
2912,
2864,
2860,
2816,
2820,
2792,
2700,
2656,
2700,
2696,
2736,
2724,
2728,
2812,
2856,
2836,
2872,
2872,
2840,
2796,
2740,
2792,
2804,
2856,
2896,
2840,
2856,
2892,
2936,
2912,
2828,
2744,
2752,
2692,
2620,
2584,
2584,
2636,
2644,
2656,
2700,
2764,
2824,
2852,
2864,
2816,
2824,
2808,
2720,
2716,
2720,
2712,
2740,
2748,
2752,
2756,
2832,
2832,
2792,
2768,
2724,
2688,
2688,
2700,
2708,
2716,
2788,
2816,
2852,
2900,
2868,
2888,
2872,
2868,
2844,
2836,
2812,
2748,
2696,
2688,
2732,
2716,
2704,
2728,
2808,
2892,
2876,
2832,
2744,
2816,
2788,
2736,
2696,
2692,
2724,
2792,
2724,
2716,
2712,
2760,
2808,
2796,
2772,
2796,
2776,
2844,
2804,
2764,
2764,
2760,
2740,
2748,
2748,
2776,
2796,
2740,
2808,
2804,
2772,
2760,
2720,
2692,
2728,
2752,
2716,
2680,
2668,
2728,
2732,
2744,
2780,
2760,
2820,
2904,
2828,
2748,
2696,
2664,
2712,
2728,
2772,
2924,
2984,
2952,
2952,
2896,
2852,
2796,
2744,
2720,
2688,
2744,
2712,
2764,
2804,
2820,
2772,
2736,
2768,
2772,
2760,
2756,
2752,
2740,
2704,
2644,
2632,
2700,
2708,
2716,
2788,
2820,
2804,
2792,
2752,
2840,
2848,
2808,
2788,
2816,
2904,
2920,
2832,
2704,
2676,
2624,
2612,
2652,
2564,
2660,
2744,
2768,
2788,
2792,
2828,
2848,
2808,
2780,
2720,
2720,
2752,
2724,
2664,
2692,
2680,
2696,
2712,
2712,
2680,
2684,
2712,
2740,
2752,
2756,
2816,
2780,
2788,
2852,
2880,
2832,
2700,
2608,
2616,
2608,
2524,
2476,
2568,
2776,
2836,
2808,
2772,
2716,
2740,
2724,
2808,
2860,
2872,
2876,
2876,
2900,
2892,
2824,
2792,
2780,
2776,
2760,
2712,
2668,
2656,
2656,
2656,
2680,
2732,
2756,
2792,
2820,
2840,
2824,
2796,
2804,
2848,
2840,
2728,
2604,
2604,
2676,
2784,
2860,
2956,
3016,
3040,
3004,
2880,
2800,
2724,
2616,
2580,
2564,
2548,
2536,
2640,
2768,
2876,
2956,
3080,
3176,
3112,
2992,
2804,
2648,
2568,
2472,
2456,
2436,
2484,
2620,
2688,
2768,
2864,
2924,
2984,
2988,
2872,
2672,
2520,
2448,
2448,
2452,
2540,
2648,
2764,
2816,
2852,
2884,
2816,
2780,
2760,
2736,
2732,
2704,
2672,
2616,
2580,
2600,
2548,
2584,
2708,
2728,
2772,
2768,
2740,
2772,
2780,
2784,
2784,
2736,
2692,
2672,
2648,
2676,
2660,
2680,
2696,
2760,
2816,
2780,
2732,
2772,
2696,
2680,
2692,
2688,
2704,
2740,
2764,
2740,
2696,
2688,
2624,
2564,
2588,
2648,
2680,
2712,
2708,
2668,
2684,
2708,
2692,
2708,
2696,
2712,
2700,
2708,
2728,
2840,
2848,
2860,
2804,
2700,
2680,
2684,
2632,
2624,
2700,
2788,
2816,
2804,
2764,
2796,
2744,
2752,
2756,
2736,
2764,
2752,
2688,
2640,
2628,
2684,
2732,
2708,
2700,
2764,
2776,
2820,
2848,
2764,
2716,
2708,
2628,
2668,
2684,
2708,
2720,
2664,
2680,
2736,
2748,
2752,
2728,
2704,
2692,
2720,
2664,
2632,
2584,
2632,
2632,
2656,
2692,
2680,
2712,
2752,
2700,
2740,
2724,
2724,
2720,
2720,
2692,
2724,
2708,
2652,
2664,
2676,
2660,
2648,
2632,
2668,
2664,
2740,
2764,
2788,
2780,
2772,
2724,
2732,
2716,
2660,
2640,
2624,
2668,
2696,
2672,
2644,
2632,
2616,
2596,
2592,
2600,
2696,
2648,
2620,
2624,
2700,
2808,
2848,
2808,
2724,
2740,
2732,
2640,
2584,
2608,
2596,
2584,
2596,
2588,
2736,
2844,
2892,
2848,
2796,
2800,
2824,
2728,
2604,
2596,
2544,
2584,
2616,
2596,
2620,
2660,
2752,
2756,
2708,
2732,
2780,
2752,
2712,
2704,
2692,
2680,
2588,
2532,
2520,
2548,
2564,
2536,
2532,
2600,
2656,
2636,
2616,
2640,
2660,
2624,
2596,
2600,
2612,
2636,
2672,
2760,
2772,
2784,
2852,
2864,
2868,
2848,
2768,
2652,
2584,
2576,
2556,
2604,
2628,
2640,
2700,
2808,
2804,
2816,
2788,
2756,
2760,
2744,
2760,
2760,
2788,
2772,
2776,
2792,
2776,
2760,
2744,
2744,
2744,
2676,
2612,
2572,
2580,
2592,
2604,
2664,
2732,
2712,
2652,
2564,
2576,
2600,
2644,
2600,
2636,
2640,
2736,
2764,
2688,
2688,
2720,
2724,
2704,
2664,
2672,
2700,
2676,
2628,
2620,
2664,
2740,
2732,
2704,
2700,
2664,
2668,
2648,
2652,
2672,
2732,
2732,
2732,
2672,
2656,
2696,
2660,
2596,
2632,
2644,
2712,
2796,
2768,
2780,
2824,
2772,
2676,
2616,
2624,
2656,
2648,
2644,
2616,
2620,
2660,
2644,
2632,
2564,
2556,
2632,
2648,
2612,
2648,
2724,
2692,
2716,
2744,
2708,
2692,
2652,
2676,
2736,
2748,
2796,
2792,
2744,
2744,
2724,
2692,
2664,
2608,
2584,
2616,
2668,
2640,
2624,
2620,
2608,
2684,
2744,
2716,
2680,
2648,
2664,
2648,
2668,
2612,
2644,
2712,
2668,
2604,
2604,
2680,
2676,
2636,
2636,
2712,
2736,
2752,
2696,
2632,
2668,
2592,
2576,
2576,
2528,
2596,
2644,
2676,
2692,
2688,
2728,
2812,
2780,
2788,
2828,
2792,
2812,
2772,
2652,
2648,
2636,
2596,
2596,
2616,
2648,
2632,
2596,
2600,
2652,
2748,
2824,
2736,
2772,
2772,
2816,
2756,
2680,
2696,
2740,
2716,
2720,
2680,
2632,
2644,
2640,
2592,
2692,
2708,
2764,
2800,
2776,
2752,
2736,
2684,
2636,
2640,
2612,
2620,
2680,
2680,
2728,
2752,
2780,
2808,
2808,
2780,
2752,
2676,
2680,
2648,
2624,
2600,
2528,
2500,
2484,
2504,
2540,
2584,
2628,
2692,
2732,
2744,
2772,
2740,
2736,
2708,
2692,
2664,
2588,
2520,
2476,
2548,
2580,
2556,
2592,
2632,
2628,
2688,
2764,
2676,
2708,
2708,
2632,
2568,
2536,
2556,
2612,
2648,
2628,
2696,
2720,
2796,
2788,
2708,
2700,
2656,
2680,
2632,
2600,
2576,
2596,
2568,
2592,
2636,
2648,
2656,
2584,
2600,
2584,
2540,
2500,
2560,
2592,
2616,
2696,
2760,
2768,
2724,
2716,
2656,
2620,
2628,
2620,
2632,
2664,
2732,
2668,
2652,
2724,
2776,
2796,
2752,
2756,
2744,
2728,
2768,
2740,
2724,
2728,
2672,
2552,
2580,
2680,
2624,
2556,
2660,
2720,
2640,
2572,
2656,
2672,
2644,
2664,
2760,
2724,
2696,
2732,
2636,
2552,
2616,
2592,
2460,
2600,
2748,
2620,
2520,
2736,
2788,
2484,
2412,
2644,
2600,
2412,
2548,
2656,
2524,
2560,
2684,
2532,
2504,
2616,
2560,
2508,
2624,
2692,
2708,
2748,
2784,
2692,
2628,
2736,
2728,
2620,
2660,
2648,
2676,
2672,
2620,
2600,
2664,
2724,
2744,
2740,
2772,
2796,
2792,
2724,
2672,
2664,
2632,
2644,
2528,
2488,
2484,
2448,
2448,
2476,
2576,
2676,
2744,
2816,
2792,
2736,
2740,
2676,
2640,
2620,
2648,
2692,
2688,
2648,
2596,
2692,
2672,
2640,
2612,
2588,
2612,
2588,
2624,
2612,
2584,
2616,
2588,
2560,
2488,
2500,
2492,
2504,
2500,
2552,
2580,
2588,
2672,
2688,
2676,
2688,
2728,
2716,
2708,
2676,
2644,
2636,
2644,
2656,
2640,
2596,
2568,
2536,
2508,
2560,
2620,
2652,
2636,
2708,
2724,
2692,
2668,
2604,
2536,
2584,
2600,
2608,
2560,
2540,
2556,
2628,
2676,
2656,
2604,
2588,
2580,
2536,
2504,
2524,
2512,
2480,
2396,
2364,
2412,
2512,
2572,
2668,
2700,
2760,
2784,
2720,
2660,
2648,
2628,
2608,
2556,
2560,
2588,
2600,
2564,
2548,
2540,
2532,
2484,
2420,
2436,
2388,
2428,
2476,
2496,
2572,
2644,
2696,
2684,
2664,
2636,
2624,
2580,
2504,
2500,
2532,
2540,
2552,
2576,
2580,
2660,
2712,
2632,
2552,
2500,
2500,
2492,
2520,
2548,
2552,
2584,
2624,
2644,
2664,
2664,
2648,
2644,
2612,
2540,
2528,
2496,
2496,
2504,
2564,
2620,
2652,
2676,
2696,
2664,
2648,
2708,
2736,
2728,
2680,
2700,
2652,
2600,
2576,
2440,
2464,
2480,
2436,
2380,
2396,
2468,
2552,
2616,
2640,
2672,
2728,
2716,
2652,
2576,
2580,
2564,
2592,
2556,
2540,
2532,
2584,
2632,
2684,
2680,
2688,
2688,
2584,
2580,
2568,
2592,
2596,
2620,
2632,
2668,
2668,
2656,
2624,
2640,
2684,
2636,
2636,
2592,
2556,
2576,
2584,
2704,
2632,
2556,
2572,
2628,
2556,
2536,
2604,
2612,
2604,
2572,
2536,
2584,
2552,
2520,
2492,
2492,
2520,
2576,
2588,
2584,
2592,
2596,
2588,
2584,
2584,
2568,
2584,
2624,
2640,
2648,
2616,
2612,
2620,
2636,
2652,
2664,
2644,
2672,
2616,
2632,
2612,
2616,
2572,
2504,
2508,
2584,
2576,
2548,
2580,
2580,
2616,
2640,
2624,
2692,
2752,
2776,
2740,
2704,
2656,
2636,
2564,
2484,
2468,
2436,
2456,
2456,
2444,
2536,
2600,
2684,
2792,
2812,
2816,
2840,
2804,
2732,
2660,
2572,
2500,
2428,
2396,
2424,
2528,
2580,
2660,
2648,
2684,
2692,
2672,
2632,
2568,
2576,
2576,
2520,
2492,
2464,
2488,
2520,
2556,
2612,
2568,
2552,
2600,
2612,
2584,
2568,
2624,
2636,
2660,
2664,
2644,
2600,
2564,
2572,
2600,
2600,
2616,
2644,
2672,
2676,
2708,
2740,
2748,
2708,
2660,
2720,
2680,
2588,
2532,
2460,
2404,
2464,
2536,
2584,
2636,
2660,
2700,
2656,
2636,
2620,
2604,
2656,
2672,
2616,
2604,
2636,
2628,
2536,
2488,
2524,
2556,
2564,
2596,
2572,
2616,
2604,
2592,
2580,
2588,
2608,
