1972,
1952,
1916,
1888,
1872,
1868,
1884,
1920,
1900,
1908,
1896,
1928,
1916,
1960,
1920,
1908,
1956,
1976,
1956,
1928,
1944,
1912,
1904,
1900,
1944,
2016,
2016,
2076,
2068,
2052,
2036,
2012,
1988,
1952,
1940,
1940,
1976,
2000,
1980,
1968,
1928,
1896,
1856,
1884,
1944,
2016,
1972,
1912,
1880,
1868,
1876,
1836,
1808,
1900,
1976,
2020,
2052,
2120,
2100,
2052,
1968,
1936,
1996,
1928,
1844,
1840,
1924,
2028,
2104,
2104,
2136,
2200,
2148,
2080,
2036,
1964,
1924,
1880,
1828,
1820,
1848,
1852,
1884,
1912,
1992,
2036,
2060,
2108,
2112,
2068,
2056,
2072,
2068,
2084,
2112,
2124,
2072,
2004,
1964,
1900,
1872,
1832,
1736,
1720,
1716,
1716,
1768,
1820,
1932,
1984,
1976,
2024,
2040,
1980,
1984,
1992,
1940,
1944,
1964,
1912,
1976,
1984,
1976,
1976,
1944,
1928,
1936,
1912,
1888,
1928,
1992,
1992,
2012,
2664,
4148,
5800,
7260,
8392,
9056,
9376,
9388,
9188,
8860,
8428,
7956,
7568,
7256,
7004,
6828,
6680,
6580,
6536,
6604,
6760,
6932,
7140,
7248,
7284,
7228,
7180,
7100,
6976,
6904,
6836,
6768,
6724,
6772,
6816,
6928,
6992,
7092,
7264,
7332,
7280,
7240,
7084,
6996,
6932,
6820,
6772,
6688,
6696,
6708,
6724,
6800,
6912,
6956,
7048,
7080,
7092,
7096,
7064,
6984,
6872,
6772,
6716,
6692,
6680,
6732,
6796,
6892,
6976,
7016,
6992,
6976,
6920,
6800,
6816,
6820,
6796,
6792,
6788,
6812,
6904,
6924,
6924,
6852,
6872,
6908,
6916,
6960,
6932,
6904,
6884,
6892,
6912,
6852,
6780,
6740,
6792,
6852,
6860,
6848,
6816,
6824,
6784,
6764,
6724,
6756,
6800,
6780,
6816,
6800,
6840,
6820,
6784,
6784,
6800,
6824,
6856,
6876,
6836,
6824,
6784,
6820,
6808,
6844,
6868,
6844,
6848,
6844,
6848,
6868,
6792,
6804,
6820,
6776,
6756,
6740,
6712,
6832,
6836,
6840,
6804,
6776,
6744,
6756,
6696,
6640,
6668,
6732,
6804,
6804,
6800,
6836,
6852,
6868,
6832,
6808,
6744,
6748,
6744,
6768,
6728,
6728,
6712,
6680,
6652,
6692,
6676,
6696,
6660,
6672,
6732,
6780,
6788,
6776,
6740,
6748,
6708,
6608,
6632,
6612,
6644,
6680,
6576,
6540,
6524,
6560,
6596,
6640,
6660,
6672,
6700,
6688,
6656,
6640,
6600,
6612,
6576,
6584,
6620,
6636,
6680,
6724,
6748,
6728,
6684,
6656,
6624,
6564,
6528,
6536,
6552,
6580,
6608,
6692,
6728,
6732,
6716,
6668,
6612,
6596,
6612,
6560,
6592,
6600,
6588,
6604,
6588,
6604,
6640,
6656,
6576,
6592,
6628,
6596,
6568,
6624,
6568,
6524,
6592,
6632,
6560,
6552,
6544,
6568,
6548,
6560,
6600,
6616,
6632,
6668,
6620,
6656,
6684,
6632,
6552,
6472,
6424,
6428,
6424,
6456,
6440,
6460,
6508,
6548,
6532,
6548,
6588,
6656,
6704,
6712,
6708,
6668,
6604,
6484,
6380,
6380,
6372,
6392,
6384,
6408,
6448,
6452,
6520,
6564,
6564,
6532,
6560,
6500,
6468,
6460,
6436,
6376,
6364,
6428,
6452,
6464,
6456,
6460,
6456,
6436,
6492,
6488,
6488,
6524,
6532,
6548,
6508,
6444,
6444,
6436,
6420,
6388,
6380,
6388,
6432,
6500,
6576,
6564,
6576,
6572,
6544,
6476,
6444,
6436,
6364,
6352,
6380,
6360,
6444,
6396,
6364,
6340,
6308,
6328,
6384,
6388,
6384,
6456,
6460,
6456,
6448,
6508,
6596,
6592,
6596,
6544,
6512,
6512,
6436,
6364,
6364,
6376,
6416,
6456,
6440,
6468,
6456,
6424,
6380,
6372,
6316,
6348,
6356,
6328,
6332,
6328,
6392,
6428,
6476,
6472,
6452,
6444,
6392,
6360,
6340,
6296,
6248,
6264,
6272,
6300,
6312,
6344,
6312,
6292,
6304,
6248,
6228,
6200,
6200,
6228,
6248,
6260,
6280,
6244,
6264,
6300,
6316,
6364,
6424,
6468,
6464,
6472,
6400,
6364,
6288,
6232,
6176,
6140,
6124,
6152,
6176,
6236,
6236,
6276,
6360,
6396,
6372,
6380,
6360,
6384,
6372,
6340,
6332,
6392,
6396,
6380,
6352,
6360,
6348,
6320,
6228,
6172,
6184,
6224,
6268,
6284,
6308,
6396,
6364,
6304,
6292,
6252,
6248,
6232,
6200,
6188,
6160,
6180,
6244,
6212,
6192,
6264,
6264,
6280,
6292,
6284,
6296,
6324,
6336,
6356,
6320,
6260,
6180,
6128,
6124,
6208,
6252,
6300,
6272,
6260,
6264,
6316,
6300,
6304,
6244,
6220,
6232,
6204,
6188,
6188,
6212,
6244,
6216,
6212,
6204,
6152,
6124,
6112,
6100,
6088,
6096,
6100,
6120,
6104,
6084,
6144,
6224,
6244,
6272,
6240,
6180,
6156,
6156,
6124,
6128,
6116,
6152,
6176,
6192,
6176,
6176,
6124,
6120,
6136,
6120,
6164,
6216,
6216,
6240,
6240,
6216,
6180,
6136,
6136,
6148,
6088,
6072,
6032,
6052,
6104,
6108,
6076,
6152,
6208,
6236,
6284,
6224,
6176,
6188,
6152,
6136,
6096,
6068,
6104,
6088,
6108,
6104,
6076,
6128,
6168,
6116,
6132,
6112,
6072,
6080,
6084,
6060,
6032,
6020,
6016,
6024,
6028,
6020,
5960,
5944,
5996,
6044,
6052,
6072,
6084,
6124,
6132,
6068,
6004,
5980,
5976,
5996,
5984,
6020,
6064,
6116,
6140,
6112,
6072,
6076,
6072,
6064,
6068,
6028,
5956,
5988,
5984,
5972,
5988,
6036,
6072,
6124,
6164,
6200,
6200,
6212,
6188,
6152,
6096,
6048,
6024,
5980,
6016,
6044,
5996,
5988,
5988,
6020,
6048,
6068,
6048,
6040,
6020,
5996,
5940,
5968,
5900,
5876,
5876,
5896,
5916,
5900,
5924,
5932,
5952,
5924,
5920,
5960,
5968,
5912,
5908,
5880,
5880,
5900,
5924,
5932,
5972,
5976,
5956,
5876,
5808,
5784,
5800,
5828,
5872,
5876,
5864,
5940,
5992,
6052,
6012,
5992,
6000,
6016,
5924,
5916,
5880,
5880,
5892,
5908,
5932,
5944,
5896,
5876,
5856,
5892,
5876,
5872,
5864,
5880,
5852,
5828,
5832,
5832,
5868,
5932,
5976,
5960,
5912,
5848,
5828,
5820,
5788,
5820,
5848,
5892,
5888,
5884,
5896,
5996,
5964,
5924,
6064,
6100,
5960,
5888,
5972,
5900,
5796,
5820,
5836,
5828,
5860,
5836,
5820,
5852,
5896,
5844,
5832,
5852,
5760,
5756,
5828,
5760,
5728,
5832,
5920,
5844,
5912,
6052,
6056,
6016,
6036,
6036,
5892,
5876,
5908,
5856,
5872,
5868,
5812,
5768,
5912,
5896,
5796,
5760,
5688,
5696,
5728,
5728,
5704,
5708,
5756,
5820,
5772,
5732,
5788,
5768,
5800,
5840,
5836,
5840,
5836,
5848,
5820,
5800,
5796,
5828,
5800,
5780,
5780,
5780,
5752,
5712,
5636,
5636,
5656,
5696,
5716,
5764,
5728,
5760,
5780,
5788,
5804,
5776,
5784,
5716,
5756,
5744,
5780,
5792,
5840,
5848,
5824,
5772,
5736,
5700,
5648,
5636,
5624,
5632,
5632,
5616,
5660,
5732,
5764,
5744,
5780,
5820,
5788,
5740,
5784,
5792,
5764,
5788,
5816,
5812,
5776,
5760,
5760,
5744,
5692,
5652,
5636,
5732,
5740,
5696,
5728,
5804,
5720,
5644,
5636,
5628,
5596,
5596,
5588,
5652,
5732,
5816,
5852,
5816,
5816,
5812,
5784,
5800,
5760,
5684,
5628,
5544,
5464,
5464,
5528,
5564,
5628,
5580,
5660,
5716,
5712,
5720,
5672,
5644,
5672,
5656,
5720,
5684,
5684,
5672,
5628,
5560,
5636,
5636,
5616,
5596,
5544,
5572,
5596,
5548,
5536,
5544,
5564,
5548,
5524,
5568,
5596,
5628,
5656,
5672,
5632,
5624,
5576,
5504,
5532,
5600,
5688,
5772,
5776,
5796,
5796,
5788,
5728,
5728,
5652,
5608,
5604,
5584,
5584,
5584,
5600,
5616,
5596,
5616,
5596,
5600,
5624,
5632,
5612,
5608,
5620,
5584,
5576,
5564,
5600,
5656,
5564,
5564,
5572,
5596,
5596,
5628,
5640,
5704,
5644,
5608,
5588,
5512,
5488,
5444,
5464,
5480,
5512,
5508,
5472,
5528,
5572,
5644,
5744,
5752,
5740,
5756,
5684,
5612,
5572,
5532,
5520,
5444,
5408,
5456,
5404,
5456,
5488,
5520,
5540,
5612,
5592,
5616,
5564,
5496,
5516,
5468,
5476,
5516,
5544,
5512,
5500,
5504,
5516,
5528,
5512,
5556,
5564,
5588,
5600,
5548,
5548,
5576,
5496,
5488,
5468,
5436,
5440,
5476,
5436,
5400,
5376,
5392,
5428,
5480,
5472,
5448,
5416,
5460,
5524,
5520,
5516,
5480,
5424,
5408,
5412,
5436,
5436,
5436,
5460,
5448,
5432,
5428,
5420,
5460,
5440,
5512,
5464,
5436,
5476,
5532,
5508,
5468,
5440,
5448,
5492,
5492,
5512,
5412,
5352,
5388,
5360,
5348,
5392,
5440,
5492,
5512,
5524,
5420,
5424,
5376,
5348,
5312,
5288,
5344,
5380,
5384,
5436,
5432,
5436,
5504,
5520,
5464,
5448,
5436,
5424,
5400,
5360,
5364,
5364,
5380,
5420,
5468,
5528,
5544,
5548,
5508,
5480,
5416,
5368,
5292,
5284,
5312,
5332,
5328,
5304,
5356,
5396,
5452,
5444,
5424,
5400,
5424,
5412,
5348,
5408,
5428,
5420,
5448,
5460,
5432,
5440,
5448,
5460,
5384,
5312,
5200,
5128,
5052,
5084,
5092,
5108,
5204,
5284,
5304,
5352,
5368,
5436,
5540,
5588,
5620,
5632,
5524,
5444,
5400,
5308,
5236,
5164,
5160,
5172,
5180,
5184,
5288,
5316,
5356,
5416,
5492,
5456,
5444,
5460,
5540,
5488,
5424,
5344,
5368,
5300,
5244,
5244,
5224,
5248,
5320,
5368,
5368,
5376,
5344,
5372,
5360,
5320,
5288,
5212,
5208,
5172,
5108,
5148,
5172,
5256,
5356,
5380,
5400,
5432,
5400,
5352,
5264,
5224,
5192,
5148,
5112,
5172,
5252,
5264,
5292,
5304,
5308,
5264,
5288,
5256,
5292,
5364,
5352,
5296,
5300,
5316,
5356,
5356,
5312,
5240,
5272,
5236,
5248,
5240,
5208,
5176,
5172,
5204,
5188,
5156,
5156,
5148,
5144,
5176,
5188,
5192,
5160,
5168,
5188,
5176,
5212,
5216,
5180,
5196,
5172,
5124,
5140,
5104,
5136,
5144,
5160,
5164,
5248,
5280,
5304,
5320,
5320,
5288,
5232,
5156,
5116,
5064,
5040,
5024,
5000,
5068,
5128,
5140,
5216,
5268,
5248,
5212,
5184,
5140,
5136,
5104,
5052,
5128,
5104,
5136,
5148,
5104,
5088,
5104,
5112,
5140,
5076,
5024,
5072,
5108,
5192,
5192,
5200,
5232,
5308,
5256,
5212,
5208,
5160,
5124,
5072,
5088,
5088,
5080,
5144,
5156,
5140,
5160,
5100,
5088,
5156,
5160,
5108,
5096,
5068,
5048,
5048,
5060,
5024,
5080,
5064,
5064,
5052,
5100,
5144,
5144,
5212,
5224,
5192,
5148,
5164,
5148,
5164,
5212,
5236,
5244,
5204,
5168,
5108,
5092,
5016,
5016,
5020,
5032,
5036,
5068,
5124,
5136,
5124,
5104,
5064,
5044,
4996,
4904,
4856,
4860,
4860,
4888,
4900,
4960,
5028,
5076,
5088,
5124,
5124,
5092,
5040,
5060,
5124,
5160,
5128,
5124,
5076,
5080,
5056,
5016,
4964,
4932,
4968,
4960,
4956,
5016,
5052,
5096,
5108,
5076,
5012,
5048,
5040,
5104,
5108,
5064,
5072,
5144,
5112,
5116,
5108,
5108,
5128,
5076,
5028,
5020,
5040,
5060,
5040,
5012,
4996,
4988,
4956,
4904,
4832,
4812,
4892,
4896,
4896,
4860,
4868,
4884,
4872,
4892,
4956,
5004,
4992,
5044,
5036,
5036,
5036,
5016,
5048,
5036,
5028,
5004,
4992,
4980,
4948,
4972,
4952,
4948,
4940,
4952,
4976,
4948,
4952,
4932,
4948,
4928,
4888,
4856,
4820,
4852,
4880,
4872,
4916,
4988,
5072,
5116,
5124,
5160,
5172,
5180,
5184,
5108,
5024,
4980,
4956,
4980,
4932,
4884,
4872,
4888,
4932,
5004,
4956,
4908,
4924,
4948,
4928,
4876,
4860,
4904,
4924,
4944,
5016,
5048,
5064,
5040,
4988,
5016,
4944,
4888,
4876,
4852,
4872,
4924,
4924,
4972,
4996,
5032,
5048,
4976,
4884,
4852,
4856,
4920,
4912,
4956,
5036,
5048,
5028,
4960,
4964,
4972,
4968,
4872,
4892,
4844,
4760,
4780,
4792,
4760,
4808,
4832,
4856,
4892,
4908,
4932,
4968,
4980,
4952,
4932,
4892,
4868,
4856,
4864,
4868,
4864,
4816,
4836,
4848,
4880,
4932,
4916,
4896,
4884,
4880,
4876,
4884,
4860,
4856,
4816,
4800,
4792,
4860,
4916,
4944,
4916,
4944,
4904,
4836,
4744,
4760,
4756,
4764,
4760,
4764,
4808,
4828,
4832,
4856,
4880,
4876,
4876,
4864,
4844,
4852,
4916,
4892,
4908,
4860,
4920,
4980,
4948,
4936,
4916,
4888,
4900,
4844,
4784,
4772,
4756,
4812,
4852,
4840,
4828,
4912,
4920,
4940,
4944,
4908,
4836,
4764,
4760,
4744,
4692,
4708,
4704,
4740,
4776,
4744,
4716,
4724,
4716,
4716,
4764,
4776,
4796,
4808,
4824,
4792,
4752,
4800,
4812,
4880,
4900,
4808,
4736,
4752,
4700,
4756,
4800,
4820,
4824,
4772,
4816,
4808,
4768,
4772,
4792,
4804,
4820,
4808,
4796,
4780,
4808,
4832,
4812,
4784,
4812,
4832,
4812,
4840,
4856,
4856,
4832,
4792,
4776,
4728,
4752,
4736,
4772,
4756,
4768,
4796,
4872,
4888,
4888,
4800,
4776,
4784,
4792,
4752,
4732,
4724,
4744,
4748,
4732,
4704,
4692,
4748,
4788,
4784,
4784,
4776,
4788,
4780,
4708,
4700,
4752,
4760,
4744,
4728,
4664,
4644,
4656,
4652,
4696,
4692,
4736,
4764,
4760,
4772,
4820,
4788,
4764,
4696,
4636,
4620,
4604,
4588,
4556,
4580,
4644,
4732,
4760,
4820,
4796,
4808,
4780,
4700,
4656,
4632,
4616,
4580,
4584,
4548,
4604,
4668,
4660,
4672,
4684,
4672,
4700,
4680,
4692,
4656,
4640,
4596,
4600,
4560,
4540,
4516,
4548,
4568,
4568,
4588,
4628,
4644,
4644,
4664,
4628,
4616,
4616,
4596,
4604,
4584,
4632,
4732,
4804,
4808,
4788,
4756,
4680,
4624,
4596,
4560,
4612,
4580,
4596,
4680,
4676,
4628,
4696,
4664,
4700,
4748,
4732,
4712,
4680,
4696,
4696,
4612,
4504,
4472,
4540,
4600,
4616,
4600,
4632,
4704,
4696,
4660,
4628,
4532,
4548,
4560,
4544,
4532,
4612,
4664,
4660,
4644,
4684,
4684,
4644,
4640,
4632,
4640,
4632,
4632,
4620,
4580,
4572,
4532,
4516,
4556,
4568,
4592,
4636,
4624,
4608,
4616,
4624,
4640,
4696,
4728,
4740,
4704,
4672,
4604,
4544,
4524,
4532,
4548,
4548,
4556,
4564,
4532,
4476,
4460,
4456,
4500,
4556,
4584,
4628,
4696,
4720,
4716,
4700,
4656,
4636,
4576,
4580,
4520,
4516,
4468,
4544,
4588,
4612,
4632,
4600,
4596,
4560,
4556,
4508,
4496,
4508,
4516,
4500,
4492,
4512,
4500,
4464,
4444,
4360,
4400,
4460,
4496,
4544,
4560,
4644,
4652,
4592,
4604,
4600,
4592,
4612,
4568,
4536,
4576,
4592,
4604,
4612,
4564,
4564,
4580,
4572,
4540,
4528,
4528,
4500,
4468,
4508,
4512,
4532,
4528,
4548,
4584,
4580,
4572,
4540,
4576,
4552,
4504,
4500,
4496,
4452,
4496,
4504,
4528,
4508,
4476,
4452,
4484,
4500,
4536,
4516,
4516,
4512,
4428,
4416,
4436,
4480,
4456,
4508,
4524,
4560,
4540,
4484,
4436,
4460,
4428,
4396,
4408,
4436,
4456,
4448,
4444,
4472,
4532,
4508,
4460,
4428,
4456,
4464,
4484,
4532,
4552,
4564,
4552,
4552,
4516,
4488,
4452,
4412,
4420,
4504,
4476,
4504,
4488,
4520,
4528,
4528,
4480,
4564,
4520,
4468,
4420,
4412,
4424,
4412,
4308,
4248,
4292,
4328,
4396,
4420,
4476,
4616,
4612,
4568,
4520,
4520,
4468,
4468,
4432,
4436,
4452,
4476,
4428,
4388,
4412,
4460,
4456,
4504,
4492,
4436,
4456,
4496,
4472,
4388,
4292,
4264,
4244,
4232,
4232,
4272,
4300,
4328,
4272,
4356,
4480,
4520,
4540,
4568,
4516,
4492,
4440,
4340,
4312,
4316,
4336,
4328,
4296,
4252,
4236,
4192,
4132,
4124,
4152,
4252,
4348,
4404,
4460,
4516,
4552,
4576,
4564,
4516,
4424,
4392,
4388,
4368,
4344,
4368,
4404,
4368,
4356,
4364,
4368,
4360,
4356,
4316,
4292,
4280,
4332,
4420,
4432,
4480,
4520,
4536,
4476,
4472,
4356,
4356,
4432,
4444,
4448,
4416,
4400,
4448,
4448,
4376,
4372,
4372,
4380,
4376,
4344,
4396,
4408,
4388,
4368,
4292,
4316,
4372,
4392,
4436,
4416,
4428,
4396,
4316,
4304,
4324,
4312,
4332,
4276,
4272,
4292,
4332,
4312,
4280,
4268,
4260,
4280,
4300,
4300,
4308,
4348,
4332,
4324,
4292,
4300,
4340,
4360,
4344,
4292,
4272,
4316,
4304,
4340,
4344,
4308,
4304,
4340,
4320,
4304,
4288,
4296,
4296,
4280,
4260,
4332,
4372,
4404,
4432,
4448,
4400,
4356,
4340,
4340,
4324,
4280,
4280,
4288,
4292,
4348,
4360,
4328,
4340,
4360,
4360,
4264,
4204,
4112,
4124,
4132,
4188,
4200,
4308,
4404,
4452,
4468,
4396,
4364,
4340,
4288,
4232,
4164,
4180,
4260,
4292,
4304,
4352,
4392,
4476,
4464,
4364,
4340,
4296,
4260,
4216,
4168,
4192,
4240,
4200,
4224,
4200,
4188,
4164,
4180,
4136,
4164,
4216,
4244,
4328,
4344,
4316,
4332,
4356,
4320,
4312,
4344,
4340,
4336,
4304,
4268,
4276,
4292,
4268,
4172,
4132,
4140,
4196,
4220,
4236,
4332,
4356,
4320,
4296,
4376,
4312,
4284,
4328,
4320,
4300,
4276,
4312,
4328,
4336,
4292,
4252,
4272,
4240,
4232,
4208,
4240,
4220,
4156,
4200,
4216,
4260,
4280,
4288,
4296,
4332,
4284,
4240,
4196,
4188,
4140,
4124,
4108,
4144,
4092,
4088,
4156,
4164,
4108,
4068,
4144,
4200,
4212,
4276,
4260,
4336,
4328,
4228,
4140,
4176,
4204,
4232,
4196,
4176,
4180,
4156,
4140,
4168,
4140,
4172,
4204,
4240,
4212,
4228,
4220,
4228,
4204,
4176,
4120,
4140,
4140,
4152,
4172,
4256,
4284,
4296,
4288,
4240,
4200,
4156,
4132,
4084,
4108,
4196,
4224,
4200,
4172,
4128,
4132,
4108,
4032,
4044,
4116,
4168,
4248,
4324,
4340,
4304,
4212,
4144,
4116,
4104,
4076,
4084,
4056,
4048,
4096,
4176,
4200,
4240,
4236,
4244,
4276,
4224,
4140,
4120,
4088,
4128,
4204,
4180,
4180,
4196,
4168,
4164,
4192,
4192,
4196,
4176,
4172,
4204,
4200,
4200,
4224,
4212,
4212,
4172,
4172,
4168,
4148,
4072,
4080,
4088,
4128,
4232,
4164,
4200,
4212,
4196,
4160,
4164,
4104,
4100,
4072,
4092,
4104,
4152,
4156,
4172,
4148,
4148,
4124,
4140,
4176,
4132,
4104,
4136,
4164,
4184,
4172,
4208,
4252,
4252,
4180,
4192,
4188,
4200,
4160,
4084,
4056,
4072,
4028,
4004,
3984,
3956,
3928,
3936,
3980,
3980,
4004,
3984,
4024,
4016,
4028,
4060,
4096,
4108,
4104,
4156,
4176,
4192,
4172,
4160,
4152,
4108,
4076,
4092,
4112,
4120,
4184,
4240,
4204,
4204,
4204,
4196,
4168,
4056,
4052,
4108,
4040,
3940,
4084,
4156,
4072,
4096,
4196,
4104,
4024,
4084,
4144,
4012,
4028,
4120,
4040,
3980,
3988,
3992,
3908,
3988,
4124,
4064,
4012,
4152,
4112,
3904,
3904,
3976,
3920,
3940,
4012,
3980,
4048,
4120,
4156,
4116,
4120,
4212,
4176,
4136,
4148,
4156,
4100,
4088,
4076,
4084,
4144,
4164,
4128,
4036,
3960,
4008,
3972,
3912,
3900,
3944,
3972,
3996,
3960,
4036,
4064,
4052,
3964,
3888,
3872,
3896,
3964,
4020,
4012,
4004,
4032,
4080,
4156,
4168,
4196,
4224,
4208,
4124,
4104,
4060,
3988,
3936,
3948,
3936,
3912,
3948,
3948,
3984,
4068,
4084,
4068,
4048,
4016,
3960,
3912,
3820,
3788,
3828,
3884,
3928,
3956,
3988,
4000,
4028,
4028,
3972,
3920,
3940,
3936,
3968,
3936,
3908,
3888,
3940,
4008,
4052,
3956,
3928,
4000,
4008,
3996,
3976,
4036,
4072,
4084,
4132,
4084,
4112,
4064,
3980,
3940,
3912,
3944,
3960,
3948,
3892,
3860,
3832,
3856,
3852,
3880,
3940,
3940,
3944,
3908,
3912,
3940,
3960,
3944,
3940,
3960,
3964,
3928,
3912,
3936,
3988,
4052,
4028,
3956,
3936,
3920,
3900,
3860,
3848,
3820,
3804,
3872,
3888,
3900,
3940,
4028,
4108,
4080,
4108,
4124,
4064,
4016,
4000,
3952,
3956,
3992,
3996,
3956,
3960,
3948,
3972,
3932,
3948,
3940,
3936,
3956,
3960,
3956,
3956,
3892,
3876,
3896,
3888,
3872,
3876,
3872,
3856,
3876,
3940,
3952,
3956,
3972,
3976,
4028,
4076,
4080,
4032,
3992,
3952,
3900,
3812,
3800,
3812,
3884,
3908,
3868,
3808,
3856,
3896,
3916,
3940,
3892,
3860,
3892,
3884,
3844,
3836,
3876,
3960,
3952,
3940,
3900,
3912,
3952,
3912,
3820,
3856,
3892,
3860,
3896,
3856,
3848,
3932,
4000,
4060,
4124,
4152,
4092,
4028,
3936,
3904,
3840,
3816,
3800,
3732,
3772,
3796,
3772,
3792,
3880,
3976,
4012,
3980,
3952,
3892,
3848,
3832,
3820,
3864,
3888,
3908,
3916,
3844,
3844,
3816,
3804,
3836,
3872,
3836,
3804,
3800,
3788,
3764,
3724,
3728,
3752,
3732,
3716,
3660,
3676,
3700,
3756,
3808,
3872,
3940,
3984,
4012,
4064,
4080,
4036,
4028,
4000,
3940,
3868,
3852,
3816,
3736,
3692,
3692,
3640,
3684,
3712,
3828,
3960,
3992,
4012,
4040,
3964,
3920,
3900,
3792,
3748,
3812,
3816,
3824,
3808,
3828,
3828,
3820,
3836,
3820,
3828,
3884,
3896,
3848,
3852,
3868,
3892,
3892,
3904,
3868,
3940,
3932,
3940,
3876,
3844,
3912,
3892,
3860,
3852,
3840,
3904,
3920,
3864,
3828,
3836,
3796,
3752,
3700,
3728,
3788,
3804,
3796,
3788,
3748,
3776,
3732,
3764,
3760,
3776,
3848,
3916,
3904,
3892,
3912,
3908,
3844,
3796,
3720,
3672,
3672,
3656,
3720,
3748,
3776,
3804,
3828,
3832,
3852,
3864,
3872,
3848,
3820,
3816,
3824,
3748,
3704,
3668,
3652,
3652,
3716,
3764,
3812,
3840,
3872,
3852,
3828,
3756,
3764,
3772,
3792,
3764,
3748,
3788,
3828,
3784,
3828,
3900,
3916,
3876,
3880,
3828,
3848,
3764,
3680,
3684,
3704,
3752,
3800,
3788,
3768,
3728,
3768,
3844,
3812,
3792,
3856,
3796,
3792,
3796,
3752,
3816,
3916,
3876,
3852,
3880,
3976,
3928,
3792,
3696,
3688,
3700,
3648,
3568,
3616,
3684,
3676,
3704,
3772,
3868,
3928,
3872,
3888,
3952,
3860,
3716,
3628,
3636,
3748,
3788,
3792,
3796,
3828,
3744,
3704,
3652,
3672,
3676,
3620,
3660,
3752,
3816,
3812,
3776,
3840,
3868,
3864,
3828,
3860,
3876,
3768,
3744,
3692,
3700,
3756,
3776,
3760,
3752,
3748,
3764,
3704,
3708,
3720,
3752,
3732,
3680,
3636,
3588,
3584,
3644,
3660,
3648,
3636,
3692,
3772,
3756,
3700,
3740,
3744,
3740,
3768,
3676,
3664,
3752,
3764,
3776,
3748,
3704,
3780,
3728,
3712,
3692,
3620,
3628,
3644,
3656,
3728,
3780,
3752,
3712,
3612,
3532,
3508,
3504,
3576,
3672,
3716,
3756,
3708,
3668,
3636,
3628,
3660,
3672,
3724,
3780,
3820,
3784,
3752,
3712,
3728,
3752,
3740,
3728,
3696,
3680,
3648,
3672,
3624,
3660,
3664,
3676,
3708,
3684,
3732,
3816,
3856,
3856,
3804,
3780,
3724,
3696,
3668,
3712,
3684,
3684,
3652,
3656,
3672,
3736,
3728,
3728,
3712,
3692,
3668,
3592,
3612,
3616,
3604,
3664,
3712,
3708,
3744,
3736,
3692,
3600,
3600,
3648,
3656,
3688,
3712,
3732,
3740,
3716,
3740,
3692,
3660,
3600,
3568,
3544,
3548,
3524,
3552,
3628,
3648,
3664,
3684,
3640,
3696,
3764,
3792,
3792,
3772,
3748,
3748,
3704,
3632,
3600,
3556,
3608,
3632,
3636,
3676,
3720,
3684,
3640,
3608,
3600,
3620,
3620,
3640,
3696,
3748,
3732,
3716,
3716,
3736,
3724,
3688,
3704,
3704,
3620,
3572,
3556,
3532,
3520,
3500,
3524,
3512,
3516,
3512,
3512,
3520,
3584,
3612,
3644,
3652,
3732,
3740,
3748,
3752,
3780,
3792,
3724,
3716,
3704,
3600,
3516,
3420,
3392,
3408,
3436,
3488,
3564,
3608,
3624,
3636,
3684,
3676,
3680,
3668,
3692,
3692,
3672,
3664,
3640,
3668,
3664,
3704,
3704,
3732,
3740,
3684,
3672,
3684,
3624,
3552,
3572,
3556,
3568,
3548,
3516,
3648,
3664,
3640,
3652,
3608,
3568,
3616,
3604,
3556,
3552,
3604,
3632,
3656,
3660,
3716,
3704,
3696,
3696,
3648,
3572,
3544,
3528,
3544,
3476,
3508,
3544,
3524,
3540,
3568,
3580,
3620,
3592,
3592,
3544,
3512,
3444,
3484,
3496,
3540,
3604,
3544,
3548,
3556,
3556,
3560,
3544,
3564,
3568,
3572,
3588,
3576,
3556,
3560,
3600,
3596,
3612,
3612,
3608,
3628,
3628,
3600,
3600,
3572,
3604,
3616,
3600,
3552,
3572,
3588,
3588,
3548,
3516,
3544,
3576,
3516,
3528,
3500,
3472,
3472,
3436,
3388,
3360,
3408,
3500,
3584,
3644,
3652,
3676,
3608,
3516,
3456,
3480,
3508,
3476,
3464,
3540,
3552,
3544,
3588,
3536,
3564,
3560,
3560,
3568,
3572,
3588,
3660,
3576,
3540,
3544,
3568,
3592,
3544,
3432,
3372,
3320,
3332,
3336,
3324,
3356,
3412,
3580,
3676,
3736,
3764,
3812,
3724,
3604,
3488,
3340,
3220,
3136,
3056,
3152,
3344,
3524,
3700,
3824,
3924,
3916,
3800,
3656,
3492,
3344,
3172,
3080,
3060,
3148,
3292,
3476,
3628,
3760,
3864,
3880,
3816,
3712,
3596,
3480,
3328,
3208,
3132,
3156,
3216,
3380,
3516,
3576,
3656,
3688,
3708,
3724,
3716,
3684,
3588,
3508,
3464,
3420,
3364,
3392,
3372,
3348,
3332,
3324,
3384,
3460,
3464,
3488,
3524,
3548,
3572,
3608,
3604,
3592,
3488,
3412,
3396,
3388,
3400,
3496,
3480,
3484,
3560,
3524,
3524,
3464,
3448,
3516,
3480,
3468,
3488,
3540,
3624,
3604,
3500,
3532,
3540,
3528,
3504,
3444,
3472,
3536,
3504,
3464,
3400,
3356,
3344,
3324,
3288,
3280,
3356,
3392,
3440,
3444,
3464,
3512,
3524,
3504,
3552,
3560,
3576,
3568,
3584,
3544,
3444,
3400,
3348,
3268,
3252,
3252,
3252,
3296,
3352,
3428,
3524,
3556,
3560,
3560,
3560,
3536,
3520,
3488,
3460,
3448,
3432,
3416,
3412,
3352,
3344,
3348,
3388,
3416,
3424,
3440,
3468,
3504,
3512,
3444,
3388,
3400,
3396,
3408,
3368,
3352,
3356,
3400,
3460,
3476,
3568,
3628,
3624,
3552,
3484,
3496,
3496,
3452,
3424,
3364,
3336,
3372,
3368,
3328,
3396,
3428,
3432,
3484,
3512,
3552,
3556,
3496,
3496,
3504,
3516,
3544,
3488,
3372,
3388,
3304,
3236,
3240,
3236,
3268,
3308,
3308,
3348,
3324,
3388,
3420,
3436,
3440,
3480,
3476,
3504,
3480,
3472,
3488,
2540,
2540,
2540,
2600,
3520,
3568,
3560,
3540,
3536,
3516,
3484,
3396,
3356,
3384,
3392,
3364,
3400,
3364,
3368,
3392,
3448,
3496,
3488,
3448,
3424,
3404,
3384,
3372,
3440,
3460,
3472,
3448,
3436,
3428,
3420,
3396,
3388,
3404,
3428,
3416,
3436,
3448,
3416,
3388,
3284,
3244,
3212,
3224,
3272,
3276,
3332,
3364,
3400,
3492,
3460,
3432,
3416,
3436,
3448,
3420,
3340,
3352,
3380,
3368,
3404,
3340,
3344,
3376,
3328,
3292,
3280,
3280,
3336,
3340,
3332,
3352,
3368,
3396,
3428,
3344,
3344,
3320,
3272,
3268,
3240,
3244,
3304,
3368,
3400,
3456,
3476,
3436,
3356,
3276,
3276,
3292,
3268,
3256,
3276,
3360,
3412,
3396,
3376,
3292,
3268,
3284,
3264,
3320,
3340,
3376,
3372,
3368,
3336,
3344,
3368,
3396,
3420,
3408,
3428,
3476,
3516,
3508,
3524,
3456,
3424,
3392,
3368,
3336,
3260,
3252,
3232,
3296,
3328,
3340,
3364,
3368,
3264,
3228,
3212,
3172,
3180,
3236,
3280,
3280,
3284,
3300,
3304,
3332,
3372,
3400,
3428,
3432,
3476,
3400,
3360,
3384,
3372,
3360,
3260,
3160,
3148,
3180,
3220,
3300,
3284,
3380,
3440,
3424,
3340,
3280,
3240,
3276,
3244,
3268,
3260,
3208,
3232,
3272,
3228,
3260,
3272,
3312,
3360,
3400,
3396,
3404,
3368,
3344,
3296,
3296,
3320,
3312,
3300,
3308,
3288,
3300,
3336,
3284,
3280,
3248,
3256,
3212,
3180,
3232,
3312,
3284,
3240,
3272,
3244,
3240,
3256,
3212,
3184,
3220,
3268,
3292,
3276,
3324,
3344,
3340,
3360,
3336,
3292,
3308,
3336,
3348,
3360,
3436,
3520,
3484,
3500,
3444,
3368,
3312,
3296,
3288,
3284,
3276,
3264,
3272,
3256,
3244,
3224,
3256,
3248,
3240,
3264,
3268,
3272,
3240,
3228,
3176,
3220,
3268,
3288,
3304,
3364,
3432,
3412,
3376,
3352,
3280,
3152,
3164,
3228,
3216,
3324,
3348,
3280,
3252,
3220,
3244,
3308,
3284,
3248,
3236,
3304,
3340,
3280,
3240,
3300,
3316,
3364,
3380,
3320,
3316,
3300,
3328,
3324,
3320,
3384,
3432,
3388,
3380,
3388,
3332,
3324,
3288,
3188,
3224,
3172,
3156,
3144,
3152,
3164,
3200,
3160,
3204,
3200,
3196,
3256,
3228,
3236,
3260,
3288,
3304,
3344,
3320,
3324,
3288,
3276,
3268,
3268,
3284,
3336,
3340,
3372,
3368,
3348,
3284,
3224,
3192,
3148,
3156,
3148,
3140,
3152,
3180,
3164,
3144,
3156,
3152,
3204,
3288,
3344,
3348,
3328,
3300,
3272,
3220,
3172,
3096,
3048,
3020,
3012,
3032,
3120,
3228,
3292,
3336,
3304,
3244,
3212,
3136,
3148,
3104,
3096,
3140,
3148,
3140,
3156,
3192,
3320,
3356,
3376,
3388,
3344,
3292,
3264,
3148,
3192,
3232,
3244,
3232,
3192,
3120,
3136,
3096,
3080,
3108,
3196,
3224,
3188,
3104,
3160,
3164,
3188,
3236,
3284,
3304,
3296,
3300,
3272,
3188,
3164,
3132,
3092,
3092,
3136,
3168,
3160,
3248,
3248,
3272,
3248,
3216,
3156,
3128,
3132,
3156,
3132,
3092,
3108,
3116,
3124,
3164,
3164,
3232,
3244,
3264,
3264,
3192,
3156,
3140,
3164,
3200,
3200,
3204,
3212,
3160,
3128,
3136,
3120,
3128,
3188,
3184,
3132,
3116,
3112,
3128,
3076,
3060,
3108,
3144,
3168,
3220,
3236,
3272,
3308,
3264,
3240,
3240,
3236,
3276,
3212,
3160,
3176,
3228,
3168,
3088,
3108,
3120,
3104,
3136,
3192,
3176,
3260,
3260,
3236,
3272,
3252,
3204,
3192,
3200,
3092,
3104,
3100,
3112,
3176,
3236,
3356,
3436,
3388,
3336,
3200,
3144,
3208,
3192,
3136,
3144,
3176,
3200,
3188,
3192,
3224,
3176,
3148,
3112,
3116,
3192,
3252,
3184,
3184,
3228,
3228,
3228,
3156,
3104,
3112,
3088,
3068,
3048,
3060,
3032,
3024,
3048,
3092,
3076,
3116,
3124,
3188,
3268,
3348,
3344,
3352,
3340,
3268,
3244,
3196,
3164,
3156,
3164,
3204,
3204,
3220,
3204,
3164,
3136,
3144,
3132,
3092,
3072,
3100,
3128,
3112,
3080,
3068,
3136,
3160,
3096,
3172,
3212,
3236,
3220,
3220,
3096,
3148,
3160,
3176,
3232,
3224,
3220,
3168,
3100,
3104,
3064,
3104,
3140,
3116,
3084,
3124,
3116,
3180,
3184,
3180,
3188,
3156,
3172,
3196,
3200,
3132,
3136,
3096,
3056,
3076,
3052,
3088,
3056,
3104,
3172,
3224,
3224,
3140,
3132,
3108,
3076,
3100,
3128,
3104,
3120,
3108,
3028,
3024,
3076,
3124,
3152,
3160,
3168,
3180,
3180,
3148,
3152,
3176,
3204,
3192,
3196,
3160,
3100,
3132,
3108,
3100,
3104,
3076,
3104,
3144,
3180,
3188,
3208,
3180,
3164,
3184,
3188,
3180,
3260,
3264,
3236,
3212,
3128,
3044,
2984,
2952,
2888,
2828,
2920,
2976,
2932,
3012,
3200,
3216,
3188,
3272,
3344,
3264,
3204,
3204,
3044,
2972,
3052,
3072,
3036,
3084,
3148,
3220,
3244,
3232,
3172,
3044,
3004,
2972,
2940,
2912,
2928,
2968,
3044,
3120,
3208,
3216,
3276,
3264,
3188,
3084,
3048,
2952,
2916,
2956,
2984,
3004,
3044,
3032,
3032,
3032,
3004,
3008,
3072,
3100,
3148,
3132,
3136,
3148,
3140,
3044,
3064,
3048,
3068,
3108,
3156,
3144,
3156,
3180,
3152,
3084,
3056,
2988,
2972,
2944,
2980,
3040,
3072,
3064,
3100,
3084,
3044,
3036,
3032,
3060,
3104,
3112,
3136,
3172,
3188,
3188,
3204,
3200,
3168,
3124,
3064,
2972,
2916,
2936,
2964,
2968,
3028,
3044,
3004,
2976,
3004,
3048,
3060,
3044,
3012,
3036,
3044,
3096,
3164,
3132,
3144,
3180,
3124,
3052,
2972,
2976,
3000,
2984,
2992,
3028,
3072,
3176,
3224,
3128,
3092,
3060,
3016,
2984,
2976,
2912,
2944,
2960,
3000,
3008,
3016,
3064,
3076,
3072,
3064,
3032,
3048,
3128,
3156,
3152,
3092,
3052,
3020,
3000,
3024,
3004,
2972,
2988,
2976,
3016,
3084,
3092,
3008,
2932,
2964,
2996,
3024,
3000,
2968,
3028,
3048,
3052,
3092,
3120,
3152,
3152,
3100,
3084,
3084,
3104,
3112,
3076,
3060,
3036,
2992,
2924,
2868,
2824,
2836,
2800,
2832,
2892,
2960,
3016,
3088,
3156,
3124,
3076,
3096,
3100,
3120,
3148,
3072,
3068,
3084,
3124,
3108,
3064,
3120,
3112,
3072,
3072,
3060,
3016,
2992,
2992,
2972,
3056,
3024,
3004,
3040,
3032,
3072,
3116,
3160,
3180,
3140,
3100,
3096,
3020,
2940,
2940,
2888,
2888,
2848,
2880,
2940,
3020,
3032,
3032,
3032,
3028,
3032,
2964,
2936,
2948,
2948,
3000,
3040,
3036,
3048,
3076,
3080,
3100,
3052,
3044,
3100,
3076,
3104,
3092,
3044,
2972,
2876,
2872,
2896,
2840,
2816,
2868,
2892,
2992,
3104,
3128,
3144,
3192,
3140,
3116,
3068,
3032,
3004,
3012,
2980,
2980,
2912,
2888,
2856,
2896,
2904,
2924,
2908,
2920,
2872,
2824,
2852,
2840,
2832,
2816,
2820,
2868,
2912,
2984,
2988,
2984,
2984,
2996,
3052,
3068,
3088,
3108,
3072,
3052,
3000,
2984,
3004,
3012,
2992,
3048,
3020,
3016,
3012,
2952,
2880,
2864,
2868,
2912,
2920,
2908,
2888,
2932,
2956,
2988,
2984,
3028,
3040,
3044,
3072,
3076,
3016,
2968,
2888,
2848,
2796,
2760,
2796,
2812,
2812,
2840,
2872,
2868,
2872,
2896,
2928,
2988,
3004,
2996,
2984,
2976,
2976,
3024,
3004,
2976,
2968,
2944,
2940,
2928,
2900,
2928,
2920,
2912,
2932,
2988,
3044,
3044,
3072,
3112,
3108,
3084,
3032,
2964,
2904,
2868,
2844,
2848,
2896,
2948,
2992,
3040,
3020,
2992,
3020,
2980,
2968,
2956,
2928,
2856,
2824,
2848,
2868,
2916,
2952,
2960,
2972,
2976,
2960,
2940,
2928,
2900,
2900,
2896,
2920,
2892,
2892,
2940,
2992,
3044,
3164,
3148,
3116,
3128,
3112,
3068,
3000,
2956,
2968,
2936,
2856,
2804,
2764,
2804,
2856,
2852,
2924,
3004,
2960,
2948,
2924,
2888,
2860,
2876,
2932,
2920,
2900,
2876,
2888,
2824,
2792,
2812,
2856,
2896,
2900,
2936,
2968,
2988,
2960,
2916,
2916,
2920,
2928,
2916,
2896,
2900,
2888,
2884,
2860,
2884,
2944,
2928,
2920,
2892,
2864,
2916,
2936,
2960,
2984,
2952,
2940,
2908,
2896,
2876,
2900,
2932,
2984,
3008,
2996,
2984,
3040,
3024,
2996,
3000,
2988,
2960,
2908,
2928,
2948,
2884,
2852,
2856,
2916,
2980,
3020,
3044,
3028,
3008,
2984,
3004,
3016,
3012,
2960,
2920,
2940,
2924,
2868,
2856,
2912,
2928,
2952,
2980,
2924,
2968,
2892,
2824,
2804,
2764,
2784,
2820,
2732,
2736,
2764,
2760,
2852,
2864,
2860,
2908,
2928,
2952,
3020,
2996,
2940,
2948,
2892,
2860,
2840,
2872,
2936,
2956,
2948,
2996,
3016,
2968,
2956,
2932,
2932,
2900,
2872,
2884,
2868,
2896,
2932,
2916,
2908,
2908,
2876,
2880,
2828,
2840,
2824,
2840,
2856,
2896,
2904,
2888,
2952,
2912,
2924,
2960,
3012,
2992,
2924,
2860,
2788,
2744,
2768,
2828,
2896,
2956,
2948,
2920,
2940,
2916,
2872,
2848,
2820,
2788,
2792,
2764,
2756,
2760,
2788,
2816,
2844,
2824,
2820,
2820,
2856,
2856,
2912,
2972,
3020,
2984,
2992,
2972,
2924,
2920,
2952,
2960,
2924,
2948,
2856,
2800,
2832,
2804,
2752,
2724,
2764,
2844,
2880,
2868,
2852,
2876,
2864,
2832,
2760,
2824,
2836,
2856,
2860,
2840,
2916,
3024,
3016,
2948,
2920,
2884,
2856,
2912,
2888,
2856,
2868,
2860,
2904,
2888,
2872,
2888,
2852,
2756,
2708,
2668,
2612,
2624,
2680,
2760,
2832,
2860,
2932,
2964,
2920,
2888,
2852,
2792,
2768,
2776,
2824,
2868,
2920,
2916,
2924,
2964,
2960,
2944,
2920,
2900,
2912,
2836,
2764,
2772,
2764,
2776,
2788,
2812,
2840,
2872,
2848,
2844,
2800,
2800,
2840,
2844,
2824,
2780,
2768,
2768,
2796,
2832,
2844,
2888,
2884,
2924,
2932,
2916,
2952,
2944,
2936,
2948,
2924,
2944,
2996,
2948,
2896,
2924,
2916,
2872,
2828,
2816,
2868,
2796,
2720,
2716,
2760,
2840,
2852,
2808,
2860,
2868,
2884,
2880,
2848,
2848,
2864,
2856,
2820,
2756,
2712,
2772,
2812,
2804,
2876,
2924,
2916,
2928,
2868,
2824,
2808,
2844,
2828,
2800,
2832,
2884,
2944,
2988,
3012,
3028,
2992,
2900,
2760,
2744,
2724,
2712,
2744,
2768,
2748,
2756,
2732,
2724,
2780,
2836,
2840,
2860,
2884,
2924,
2920,
2940,
2940,
2936,
2880,
2820,
2816,
2784,
2808,
2840,
2852,
2848,
2772,
2780,
2792,
2816,
2888,
2936,
2920,
2896,
2896,
2872,
2824,
2880,
2928,
2988,
3012,
3048,
2932,
2796,
2796,
2776,
2724,
2756,
2796,
2800,
2840,
2860,
2804,
2848,
2840,
2836,
2784,
2720,
2748,
2720,
2700,
2700,
2760,
2800,
2848,
2868,
2908,
2952,
2900,
2920,
2884,
2856,
2896,
2880,
2860,
2816,
2796,
2840,
2860,
2820,
2812,
2832,
2868,
2896,
2812,
2788,
2768,
2816,
2804,
2808,
2768,
2716,
2712,
2668,
2664,
2652,
2664,
2776,
2776,
2796,
2808,
2816,
2804,
2840,
2864,
2844,
2864,
2864,
2840,
2840,
2832,
2824,
2784,
2764,
2788,
2812,
2780,
2780,
2712,
2700,
2716,
2720,
2752,
2780,
2800,
2800,
2760,
2756,
2716,
2664,
2644,
2628,
2628,
2656,
2696,
2768,
2820,
2836,
2828,
2820,
2780,
2692,
2704,
2692,
2708,
2772,
2752,
2732,
2776,
2844,
2884,
2912,
2864,
2832,
2840,
2844,
2812,
2756,
2740,
2812,
2872,
2848,
2888,
2928,
2988,
2972,
2888,
2896,
2800,
2748,
2688,
2680,
2688,
2732,
2752,
2804,
2832,
2836,
2820,
2808,
2756,
2776,
2772,
2756,
2740,
2728,
2772,
2796,
2780,
2780,
2776,
2820,
2856,
2844,
2848,
2872,
2916,
2896,
2860,
2792,
2708,
2660,
2604,
2580,
2580,
2652,
2760,
2824,
2876,
2908,
2848,
2792,
2780,
2772,
2744,
2724,
2712,
2772,
2768,
2768,
2752,
2776,
2732,
2744,
2740,
2760,
2768,
2824,
2852,
2808,
2796,
2744,
2684,
2628,
2628,
2676,
2740,
2808,
2880,
2892,
2876,
2808,
2780,
2808,
2832,
2760,
2652,
2636,
2652,
2664,
2720,
2660,
2692,
2824,
2848,
2880,
2836,
2832,
2808,
2784,
2732,
2732,
2696,
2744,
2796,
2816,
2888,
2868,
2836,
2820,
2756,
2684,
2728,
2724,
2748,
2768,
2732,
2760,
2788,
2808,
2760,
2784,
2796,
2824,
2796,
2780,
2752,
2748,
2744,
2732,
2728,
2712,
2652,
2604,
2568,
2520,
2532,
2572,
2572,
2592,
2636,
2660,
2696,
2712,
2740,
2752,
2784,
2856,
2892,
2860,
2872,
2888,
2880,
2880,
2844,
2796,
2800,
2788,
2700,
2588,
2532,
2544,
2548,
2564,
2632,
2712,
2732,
2776,
2792,
2772,
2792,
2752,
2732,
2648,
2624,
2644,
2640,
2668,
2648,
2680,
2744,
2760,
2752,
2708,
2728,
2716,
2636,
2656,
2692,
2724,
2692,
2712,
2664,
2748,
2780,
2752,
2772,
2788,
2796,
2812,
2760,
2740,
2716,
2724,
2768,
2672,
2612,
2620,
2608,
2660,
2676,
2652,
2700,
2740,
2708,
2692,
2640,
2672,
2676,
2736,
2772,
2780,
2784,
2760,
2712,
2644,
2620,
2584,
2568,
2628,
2672,
2700,
2724,
2752,
2732,
2744,
2784,
2808,
2740,
2744,
2748,
2728,
2720,
2756,
2756,
2788,
2796,
2804,
2788,
2784,
2764,
2756,
2676,
2656,
2632,
2612,
2636,
2668,
2672,
2724,
2732,
2724,
2668,
2684,
2648,
2672,
2700,
2704,
2736,
2768,
2820,
2792,
2752,
2696,
2732,
2752,
2780,
2764,
2756,
2720,
2728,
2636,
2592,
2544,
2516,
2516,
2592,
2592,
2688,
2768,
2840,
2920,
2864,
2872,
2868,
2776,
2720,
2676,
2644,
2700,
2712,
2668,
2740,
2824,
2844,
2840,
2768,
2720,
2680,
2616,
2604,
2628,
2644,
2688,
2736,
2748,
2764,
2752,
2788,
2796,
2688,
2696,
2644,
2644,
2624,
2580,
2600,
2596,
2612,
2660,
2704,
2796,
2812,
2816,
2804,
2756,
2688,
2636,
2600,
2548,
2592,
2604,
2648,
2688,
2764,
2812,
2796,
2776,
2748,
2692,
2692,
2660,
2636,
2644,
2648,
2636,
2632,
2664,
2684,
2712,
2744,
2728,
2688,
2676,
2732,
2696,
2668,
2684,
2640,
2604,
2632,
2612,
2608,
2612,
2664,
2712,
2712,
2740,
2764,
2788,
2756,
2784,
2776,
2808,
2796,
2772,
2732,
2712,
2672,
2688,
2728,
2692,
2660,
2644,
2668,
2740,
2776,
2780,
2784,
2712,
2664,
2640,
2640,
2668,
2704,
2716,
2732,
2744,
2712,
2676,
2684,
2684,
2692,
2648,
2644,
2636,
2608,
2672,
2732,
2736,
2764,
2812,
2808,
2804,
2748,
2708,
2664,
2624,
2596,
2580,
2596,
2612,
2636,
2632,
2656,
2732,
2804,
2832,
2840,
2796,
2752,
2728,
2716,
2652,
2592,
2596,
2636,
2672,
2692,
2720,
2744,
2788,
2744,
2728,
2696,
2612,
2588,
2604,
2568,
2588,
2608,
2600,
2604,
2588,
2624,
2632,
2632,
2620,
2632,
2704,
2696,
2724,
2708,
2748,
2760,
2812,
2768,
2736,
2692,
2720,
2672,
2668,
2608,
2580,
2632,
2632,
2580,
2572,
2604,
2652,
2668,
2724,
2696,
2788,
2804,
2860,
2840,
2744,
2684,
2668,
2708,
2748,
2692,
2684,
2712,
2700,
2648,
2652,
2636,
2624,
2608,
2588,
2608,
2632,
2636,
2620,
2572,
2548,
2568,
2516,
2504,
2504,
2492,
2516,
2548,
2584,
2672,
2720,
2736,
2708,
2712,
2688,
2688,
2692,
2700,
2720,
2728,
2724,
2700,
2700,
2692,
2672,
2652,
2660,
2612,
2624,
2664,
2664,
2652,
2672,
2664,
2700,
2708,
2684,
2652,
2648,
2652,
2672,
2680,
2724,
2760,
2736,
2692,
2676,
2656,
2644,
2652,
2620,
2628,
2624,
2628,
2648,
2628,
2588,
2572,
2608,
2612,
2652,
2628,
2620,
2656,
2608,
2572,
2620,
2632,
2628,
2672,
2652,
2716,
2720,
2760,
2800,
2748,
2756,
2768,
2692,
2648,
2620,
2648,
2752,
2728,
2704,
2692,
2648,
2664,
2660,
2564,
2544,
2520,
2580,
2656,
2632,
2660,
2728,
2792,
2788,
2764,
2756,
2740,
2684,
2648,
2712,
2688,
2688,
2692,
2656,
2652,
2616,
2548,
2540,
2552,
2600,
2604,
2568,
2604,
2604,
2624,
2612,
2632,
2628,
2660,
2688,
2708,
2756,
2816,
2824,
2796,
2736,
2668,
2576,
2544,
2500,
2480,
2464,
2500,
2532,
2632,
2692,
2748,
2788,
2840,
2808,
2832,
2816,
2728,
2620,
2552,
2524,
2524,
2508,
2524,
2588,
2640,
2660,
2660,
2716,
2744,
2732,
2720,
2692,
2632,
2568,
2540,
2524,
2552,
2572,
2504,
2532,
2516,
2584,
2656,
2592,
2596,
2664,
2684,
2652,
2608,
2612,
2660,
2636,
2592,
2532,
2488,
2528,
2548,
2476,
2500,
2540,
2604,
2700,
2772,
2768,
2748,
2740,
2712,
2620,
2520,
2504,
2480,
2480,
2524,
2588,
2580,
2612,
2568,
2516,
2492,
2528,
2548,
2600,
2668,
2724,
2724,
2696,
2660,
2600,
2628,
2588,
2528,
2548,
2588,
2592,
2620,
2640,
2632,
2672,
2672,
2688,
2724,
2764,
2788,
2780,
2708,
2668,
2624,
2552,
2528,
2500,
2484,
2512,
2548,
2580,
2576,
2584,
2620,
2612,
2620,
2636,
2636,
2636,
2588,
2552,
2492,
2488,
2504,
2588,
2624,
2648,
2624,
2628,
2648,
2676,
2676,
2636,
2628,
2668,
2632,
2624,
2620,
2548,
2544,
2560,
2536,
2612,
2624,
2548,
2516,
2580,
2572,
2484,
2580,
2648,
2596,
2644,
2772,
2700,
2616,
2664,
2628,
2496,
2432,
2468,
2476,
2552,
2628,
2652,
2664,
2692,
2652,
2532,
2436,
2456,
2424,
2428,
2468,
2440,
2468,
2512,
2584,
2620,
2612,
2672,
2684,
2620,
2564,
2520,
2456,
2484,
2444,
2520,
2612,
2656,
2700,
2724,
2692,
2668,
2660,
2620,
2604,
2588,
2604,
2612,
2564,
2588,
2588,
2632,
2640,
2720,
2732,
2732,
2700,
2640,
2624,
2588,
2516,
2496,
2500,
2468,
2456,
2508,
2492,
2480,
2504,
2512,
2532,
2588,
2620,
2608,
2588,
2620,
2664,
2620,
2596,
2608,
2656,
2668,
2584,
2516,
2528,
2528,
2548,
2580,
2508,
2508,
2536,
2572,
2600,
2580,
2560,
2592,
2588,
2580,
2532,
2536,
2556,
2560,
2488,
2528,
2512,
2492,
2516,
2468,
2452,
2448,
2472,
2496,
2516,
2564,
2656,
2620,
2548,
2548,
2564,
2540,
2436,
2452,
2532,
2612,
2540,
2428,
2444,
2580,
2592,
2544,
2596,
2680,
2692,
2600,
2564,
2536,
2412,
2344,
2372,
2436,
2476,
2464,
2396,
2412,
2484,
2448,
2348,
2384,
2488,
2540,
2484,
2468,
2532,
2604,
2556,
2572,
2668,
2772,
2756,
2688,
2680,
2696,
2632,
2532,
2452,
2476,
2500,
2476,
2488,
2528,
2544,
2528,
2500,
2488,
2508,
2508,
2440,
2472,
2516,
2520,
2572,
2588,
2564,
2596,
2560,
2572,
2600,
2564,
2512,
2584,
2584,
2576,
2536,
2552,
2560,
2536,
2472,
2404,
2380,
2376,
2368,
2360,
2448,
2532,
2636,
2748,
2776,
2768,
2724,
2676,
2664,
2636,
2492,
2492,
2492,
2444,
2408,
2412,
2468,
2484,
2488,
2508,
2508,
2512,
2488,
2424,
2480,
2528,
2540,
2572,
2600,
2612,
2616,
2636,
2628,
2668,
2676,
2652,
2620,
2580,
2540,
2484,
2468,
2440,
2432,
2428,
2412,
2460,
2492,
2512,
2464,
2440,
2472,
2460,
2452,
2500,
2508,
2528,
2560,
2612,
2648,
2620,
2572,
2564,
2508,
2560,
2560,
2536,
2528,
2536,
2540,
2520,
2488,
2484,
2480,
2528,
2520,
2500,
2460,
2420,
2456,
2412,
2372,
2408,
2444,
2468,
2500,
2524,
2512,
2560,
2548,
2484,
2440,
2420,
2476,
2540,
2536,
2472,
2432,
2424,
2492,
2476,
2468,
2472,
2488,
2548,
2636,
2636,
2568,
2576,
2564,
2552,
2484,
2472,
2512,
2524,
2536,
2492,
2432,
2424,
2384,
2428,
2504,
2560,
2572,
2556,
2500,
2536,
2472,
2344,
2324,
2348,
2412,
2504,
2564,
2668,
2732,
2720,
2712,
2688,
2588,
2536,
2488,
2416,
2376,
2344,
2308,
2320,
2376,
2412,
2440,
2496,
2548,
2596,
2632,
2668,
2668,
2640,
2596,
2592,
2544,
2484,
2456,
2424,
2376,
2360,
2392,
2396,
2396,
2360,
2352,
2436,
2484,
2516,
2488,
2516,
2548,
2496,
2464,
2452,
2504,
2552,
2548,
2468,
2396,
2376,
2344,
2436,
2416,
2400,
2464,
2512,
2544,
2548,
2508,
2536,
2516,
2468,
2476,
2456,
2480,
2456,
2436,
2492,
2504,
2540,
2572,
2512,
2432,
2432,
2400,
2384,
2336,
2336,
2400,
2428,
2436,
2484,
2552,
2596,
2656,
2644,
2604,
2592,
2544,
2496,
2528,
2540,
2516,
2500,
2492,
2480,
2448,
2380,
2356,
2352,
2372,
2396,
2400,
2388,
2380,
2400,
2428,
2436,
2464,
2532,
2560,
2588,
2580,
2564,
2572,
2600,
2596,
2540,
2520,
2448,
2448,
2400,
2408,
2448,
2408,
2384,
2412,
2428,
2452,
2460,
2492,
2544,
2512,
2492,
2524,
2556,
2548,
2568,
2572,
2560,
2472,
2456,
2440,
2340,
2324,
2388,
2376,
2444,
2508,
2540,
2584,
2568,
2584,
2620,
2556,
2516,
2512,
2508,
2544,
2512,
2432,
2440,
2452,
2508,
2552,
2504,
2512,
2560,
2548,
2596,
2548,
2500,
2472,
2440,
2464,
2456,
2420,
2448,
2464,
2396,
2388,
2396,
2392,
2416,
2436,
2412,
2448,
2520,
2532,
2540,
2592,
2560,
2564,
2468,
2440,
2412,
2408,
2440,
2448,
2500,
2536,
2556,
2560,
2556,
2544,
2556,
2488,
2424,
2396,
2376,
2436,
2520,
2552,
2624,
2628,
2588,
2504,
2460,
2408,
2372,
2368,
2380,
2388,
2392,
2384,
2404,
2424,
2420,
2468,
2476,
2496,
2480,
2496,
2476,
2436,
2404,
2376,
2388,
2384,
2452,
2508,
2532,
2532,
2532,
2600,
2620,
2572,
2552,
2536,
2508,
2444,
2408,
2296,
2348,
2352,
2348,
2436,
2436,
2524,
2608,
2608,
2624,
2620,
2616,
2612,
2588,
2528,
2500,
2388,
2336,
2364,
2336,
2376,
2400,
2432,
2440,
2448,
2480,
2500,
2476,
2432,
2416,
2392,
2348,
2292,
2248,
2280,
2280,
2280,
2312,
2380,
2432,
2540,
2592,
2604,
2584,
2584,
2540,
2476,
2456,
2392,
2348,
2300,
2320,
2320,
2348,
2396,
2464,
2552,
2572,
2548,
2584,
2580,
2636,
2648,
2656,
2644,
2568,
2472,
2396,
2348,
2336,
2336,
2392,
2464,
2496,
2544,
2576,
2588,
2572,
2456,
2360,
2268,
2236,
2164,
2140,
2184,
2288,
2476,
2652,
2772,
2816,
2792,
2680,
2640,
2564,
2356,
2184,
2132,
2148,
2200,
2264,
2336,
2468,
2680,
2836,
2876,
2848,
2724,
2608,
2432,
2248,
2160,
2140,
2156,
2196,
2176,
2204,
2312,
2396,
2516,
2588,
2620,
2668,
2660,
2604,
2520,
2460,
2376,
2308,
2252,
2264,
2308,
2356,
2364,
2400,
2500,
2548,
2544,
2540,
2548,
2580,
2564,
2516,
2476,
2468,
2448,
2444,
2448,
2400,
2436,
2412,
2460,
2400,
2316,
2304,
2284,
2328,
2356,
2372,
2372,
2372,
2408,
2396,
2392,
2368,
2312,
2280,
2296,
2340,
2316,
2328,
2332,
2360,
2400,
2412,
2484,
2500,
2524,
2524,
2480,
2416,
2392,
2372,
2356,
2332,
2320,
2276,
2320,
2376,
2360,
2384,
2412,
2468,
2500,
2468,
2436,
2436,
2420,
2468,
2524,
2452,
2472,
2480,
2436,
2400,
2324,
2344,
2420,
2468,
2448,
2452,
2488,
2516,
2536,
2448,
2420,
2416,
2428,
2432,
2376,
2412,
2396,
2380,
2412,
2468,
2440,
2512,
2504,
2476,
2492,
2500,
2500,
2524,
2500,
2508,
2432,
2416,
2308,
2264,
2304,
2348,
2336,
2392,
2404,
2416,
2464,
2456,
2412,
2380,
2372,
2384,
2388,
2392,
2384,
2384,
2368,
2412,
2404,
2420,
2508,
2568,
2556,
2532,
2476,
2472,
2480,
2448,
2372,
2324,
2344,
2372,
2348,
2376,
2452,
2432,
2380,
2376,
2372,
2424,
2436,
2368,
2312,
2316,
2356,
2364,
2296,
2372,
2392,
2424,
2408,
2448,
2460,
2484,
2468,
2424,
2348,
2348,
2384,
2368,
2340,
2372,
2332,
2420,
2452,
2452,
2448,
2468,
2420,
2452,
2400,
2336,
2320,
2300,
2388,
2380,
2384,
2456,
2448,
2488,
2452,
2408,
2444,
2448,
2432,
2428,
2388,
2392,
2440,
2400,
2360,
2356,
2356,
2324,
2276,
2296,
2348,
2404,
2432,
2448,
2416,
2376,
2364,
2308,
2332,
2376,
2464,
2488,
2448,
2464,
2412,
2316,
2296,
2300,
2324,
2376,
2424,
2396,
2384,
2404,
2432,
2396,
2400,
2448,
2452,
2452,
2432,
2528,
2496,
2476,
2524,
2532,
2428,
2376,
2384,
2356,
2324,
2296,
2288,
2284,
2304,
2332,
2360,
2384,
2368,
2332,
2372,
2348,
2308,
2312,
2364,
2340,
2292,
2252,
2288,
2332,
2348,
2324,
2396,
2404,
2440,
2492,
2412,
2400,
2404,
2400,
2352,
2324,
2304,
2292,
2272,
2280,
2336,
2388,
2424,
2404,
2360,
2416,
2400,
2400,
2392,
2368,
2360,
2432,
2480,
2512,
2504,
2532,
2556,
2484,
2348,
2296,
2232,
2224,
2248,
2308,
2368,
2464,
2516,
2508,
2488,
2500,
2468,
2448,
2380,
2372,
2396,
2420,
2464,
2460,
2428,
2388,
2372,
2344,
2324,
2344,
2384,
2384,
2400,
2392,
2412,
2420,
2396,
2404,
2396,
2380,
2388,
2328,
2300,
2300,
2332,
2328,
2332,
2320,
2348,
2340,
2356,
2356,
2388,
2376,
2420,
2436,
2428,
2428,
2484,
2528,
2512,
2464,
2432,
2392,
2328,
2288,
2200,
2188,
2212,
2272,
2252,
2288,
2300,
2320,
2376,
2308,
2304,
2364,
2408,
2472,
2456,
2452,
2484,
2468,
2456,
2420,
2396,
2420,
2416,
2356,
2356,
2376,
2364,
2356,
2336,
2340,
2384,
2412,
2440,
2472,
2468,
2476,
2396,
2292,
2244,
2272,
2304,
2328,
2352,
2344,
2320,
2344,
2328,
2336,
2376,
2424,
2448,
2428,
2392,
2348,
2384,
2392,
2368,
2356,
2360,
2352,
2340,
2364,
2348,
2336,
2348,
2340,
2384,
2376,
2360,
2396,
2368,
2376,
2412,
2440,
2436,
2468,
2484,
2440,
2380,
2344,
2320,
2280,
2336,
2344,
2360,
2324,
2312,
2304,
2296,
2384,
2356,
2352,
2344,
2348,
2328,
2344,
2360,
2428,
2448,
2444,
2424,
2376,
2416,
2440,
2428,
2420,
2448,
2472,
2464,
2448,
2348,
2372,
2388,
2396,
2364,
2364,
2352,
2384,
2360,
2344,
2360,
2408,
2504,
2508,
2508,
2568,
2508,
2444,
2376,
2312,
2276,
2276,
2240,
2216,
2204,
2188,
2236,
2240,
2272,
2360,
2412,
2416,
2384,
2360,
2388,
2388,
2368,
2316,
2280,
2304,
2356,
2324,
2304,
2276,
2264,
2276,
2256,
2252,
2264,
2280,
2324,
2304,
2256,
2232,
2240,
2248,
2252,
2308,
2328,
2316,
2304,
2384,
2368,
2388,
2404,
2476,
2488,
2476,
2432,
2348,
2300,
2324,
2292,
2324,
2336,
2384,
2376,
2360,
2368,
2364,
2384,
2388,
2404,
2388,
2388,
2428,
2432,
2428,
2428,
2336,
2304,
2344,
2364,
2412,
2352,
2268,
2268,
2264,
2280,
2264,
2224,
2272,
2360,
2364,
2356,
2336,
2348,
2384,
2388,
2348,
2308,
2312,
2344,
2360,
2292,
2324,
2360,
2396,
2432,
2360,
2296,
2304,
2296,
2320,
2356,
2416,
2480,
2464,
2436,
2456,
2444,
2412,
2412,
2372,
2336,
2292,
2184,
2104,
2096,
2104,
2092,
2148,
2192,
2264,
2344,
2356,
2392,
