528,
484,
436,
456,
256,
336,
368,
468,
500,
488,
496,
476,
484,
460,
496,
504,
536,
532,
520,
540,
464,
360,
380,
356,
268,
188,
320,
396,
356,
328,
468,
452,
392,
436,
520,
552,
476,
504,
500,
364,
248,
352,
384,
268,
236,
404,
364,
236,
396,
432,
348,
276,
432,
420,
408,
372,
356,
408,
376,
396,
304,
324,
372,
432,
456,
460,
516,
448,
392,
344,
356,
328,
300,
280,
284,
284,
300,
404,
472,
532,
572,
604,
548,
556,
540,
540,
520,
436,
416,
372,
376,
376,
364,
400,
436,
412,
388,
416,
404,
464,
540,
568,
592,
564,
520,
432,
436,
436,
380,
328,
372,
352,
300,
360,
428,
460,
492,
544,
520,
520,
500,
464,
432,
408,
404,
356,
344,
316,
328,
344,
388,
372,
368,
380,
360,
424,
436,
480,
516,
552,
564,
556,
532,
412,
408,
376,
312,
392,
336,
364,
296,
372,
336,
356,
404,
392,
460,
352,
388,
332,
372,
432,
476,
476,
516,
524,
468,
460,
376,
372,
364,
408,
364,
364,
420,
424,
428,
424,
484,
452,
444,
464,
432,
440,
432,
424,
372,
372,
360,
380,
420,
424,
380,
344,
372,
332,
284,
412,
328,
420,
344,
380,
400,
480,
476,
492,
512,
464,
428,
340,
324,
360,
340,
312,
284,
316,
328,
408,
440,
484,
512,
508,
468,
404,
404,
368,
424,
380,
444,
424,
440,
436,
476,
492,
488,
484,
436,
412,
352,
320,
340,
336,
348,
384,
320,
416,
356,
452,
456,
420,
304,
420,
420,
476,
400,
416,
500,
488,
420,
388,
444,
388,
368,
308,
260,
300,
352,
464,
468,
524,
508,
544,
492,
404,
372,
372,
384,
344,
388,
392,
416,
460,
488,
484,
500,
464,
436,
416,
364,
336,
396,
424,
416,
412,
476,
416,
484,
464,
444,
456,
436,
504,
500,
600,
488,
528,
424,
404,
340,
316,
292,
268,
312,
300,
348,
416,
488,
524,
528,
528,
508,
484,
404,
396,
332,
300,
260,
216,
212,
228,
292,
344,
408,
436,
508,
528,
500,
500,
472,
492,
488,
468,
408,
416,
364,
452,
384,
332,
380,
356,
428,
404,
484,
464,
460,
452,
428,
436,
328,
356,
280,
308,
324,
352,
348,
348,
408,
412,
416,
360,
436,
384,
380,
344,
324,
368,
388,
384,
448,
460,
436,
456,
412,
396,
368,
404,
424,
412,
432,
468,
504,
464,
504,
516,
528,
512,
544,
548,
504,
440,
384,
404,
464,
532,
480,
408,
384,
480,
528,
508,
356,
284,
276,
380,
360,
336,
340,
380,
388,
328,
332,
272,
320,
336,
356,
376,
432,
468,
504,
584,
552,
500,
464,
424,
420,
444,
408,
416,
424,
404,
404,
392,
420,
376,
448,
456,
404,
440,
384,
364,
240,
356,
364,
380,
308,
276,
312,
248,
316,
272,
316,
356,
412,
416,
496,
524,
520,
548,
496,
552,
548,
544,
512,
488,
492,
456,
428,
456,
504,
500,
500,
520,
500,
504,
520,
508,
520,
532,
492,
472,
516,
500,
468,
464,
452,
464,
456,
504,
412,
492,
392,
428,
356,
396,
372,
388,
396,
332,
356,
336,
344,
312,
280,
256,
196,
268,
272,
352,
352,
400,
448,
464,
480,
420,
400,
340,
380,
356,
404,
440,
476,
476,
464,
460,
384,
320,
276,
280,
268,
312,
312,
376,
428,
468,
424,
432,
356,
464,
488,
492,
396,
476,
480,
500,
464,
472,
512,
540,
536,
508,
520,
508,
492,
404,
372,
344,
300,
356,
316,
356,
348,
368,
348,
368,
360,
344,
372,
380,
448,
448,
508,
492,
488,
480,
460,
464,
376,
292,
324,
336,
360,
408,
376,
372,
480,
476,
504,
516,
484,
472,
400,
436,
360,
476,
444,
516,
472,
476,
460,
452,
500,
464,
516,
472,
496,
488,
532,
504,
492,
528,
524,
568,
540,
492,
488,
448,
444,
484,
540,
560,
544,
560,
536,
448,
456,
448,
500,
552,
568,
552,
532,
512,
500,
488,
400,
412,
372,
308,
364,
364,
408,
380,
456,
408,
400,
356,
364,
452,
416,
476,
392,
452,
408,
420,
412,
424,
436,
368,
432,
388,
424,
444,
468,
500,
488,
484,
500,
540,
456,
408,
340,
372,
364,
368,
404,
456,
472,
420,
400,
364,
412,
380,
436,
496,
504,
492,
484,
472,
428,
476,
492,
496,
524,
516,
512,
484,
424,
432,
448,
436,
424,
440,
416,
420,
392,
412,
432,
488,
484,
492,
504,
468,
440,
428,
444,
468,
472,
436,
448,
452,
468,
428,
440,
464,
516,
516,
492,
516,
460,
420,
444,
428,
444,
388,
432,
460,
420,
480,
456,
484,
436,
532,
484,
440,
428,
444,
520,
472,
544,
496,
520,
468,
496,
484,
548,
580,
552,
572,
524,
580,
508,
428,
328,
292,
324,
280,
256,
324,
328,
324,
320,
384,
436,
476,
472,
512,
488,
488,
400,
396,
416,
340,
336,
388,
404,
424,
436,
520,
436,
520,
464,
496,
440,
500,
424,
360,
344,
332,
428,
464,
524,
548,
536,
508,
444,
412,
384,
440,
432,
476,
480,
484,
492,
508,
576,
548,
636,
588,
588,
556,
532,
528,
496,
464,
436,
420,
420,
428,
388,
408,
428,
456,
416,
504,
436,
440,
376,
436,
424,
428,
332,
424,
416,
436,
364,
364,
376,
388,
412,
380,
380,
428,
452,
444,
440,
460,
444,
516,
464,
464,
492,
512,
452,
428,
416,
392,
404,
408,
384,
372,
404,
424,
420,
404,
416,
432,
472,
444,
464,
488,
492,
480,
428,
400,
456,
428,
432,
424,
412,
436,
400,
476,
456,
604,
524,
532,
448,
468,
412,
352,
372,
300,
388,
388,
452,
440,
456,
492,
508,
492,
476,
504,
524,
504,
488,
464,
432,
396,
408,
396,
456,
508,
492,
516,
456,
408,
348,
368,
376,
440,
452,
432,
436,
464,
360,
388,
376,
328,
396,
400,
444,
428,
532,
532,
532,
484,
492,
540,
512,
536,
452,
468,
428,
484,
468,
428,
460,
424,
412,
348,
400,
404,
380,
392,
380,
444,
444,
480,
452,
448,
420,
476,
488,
508,
484,
524,
536,
492,
500,
468,
492,
444,
432,
404,
368,
336,
356,
372,
292,
276,
328,
332,
372,
412,
452,
460,
508,
524,
556,
540,
512,
464,
484,
472,
404,
456,
476,
512,
452,
464,
460,
412,
396,
348,
344,
380,
392,
372,
400,
404,
428,
444,
400,
388,
412,
456,
488,
480,
440,
424,
472,
416,
412,
356,
380,
384,
412,
528,
512,
504,
476,
452,
436,
412,
376,
336,
412,
340,
388,
328,
392,
440,
424,
444,
452,
452,
440,
456,
436,
476,
452,
432,
392,
400,
444,
400,
412,
400,
424,
464,
452,
488,
452,
528,
552,
508,
412,
376,
316,
276,
292,
252,
200,
220,
240,
332,
460,
604,
596,
768,
668,
572,
456,
648,
668,
472,
276,
252,
520,
540,
492,
440,
604,
640,
508,
484,
540,
604,
376,
328,
472,
608,
548,
352,
388,
504,
572,
400,
380,
416,
448,
428,
352,
380,
392,
324,
268,
380,
436,
364,
384,
468,
428,
420,
384,
452,
316,
316,
320,
408,
368,
420,
456,
468,
408,
404,
424,
416,
392,
376,
364,
352,
356,
388,
384,
412,
356,
400,
324,
364,
336,
308,
308,
344,
344,
316,
320,
340,
348,
356,
412,
420,
448,
464,
500,
528,
524,
520,
500,
552,
524,
552,
516,
460,
508,
464,
444,
416,
408,
408,
380,
472,
380,
468,
356,
392,
372,
424,
444,
476,
492,
472,
504,
460,
480,
460,
464,
460,
420,
384,
356,
368,
368,
372,
372,
328,
316,
320,
364,
416,
476,
468,
460,
456,
480,
492,
488,
524,
512,
488,
480,
472,
464,
468,
392,
496,
540,
500,
552,
572,
612,
540,
612,
560,
568,
548,
536,
548,
484,
468,
420,
440,
440,
452,
420,
416,
464,
472,
488,
460,
496,
492,
484,
412,
444,
456,
444,
536,
536,
548,
508,
508,
504,
484,
472,
440,
416,
428,
464,
468,
536,
520,
548,
524,
484,
404,
388,
368,
324,
308,
324,
284,
320,
336,
356,
376,
444,
436,
460,
464,
464,
468,
440,
440,
404,
420,
408,
444,
404,
436,
440,
436,
448,
408,
424,
448,
476,
456,
436,
440,
424,
416,
372,
364,
368,
392,
400,
448,
492,
532,
520,
508,
496,
404,
404,
388,
236,
212,
172,
240,
252,
424,
428,
540,
576,
632,
736,
708,
728,
596,
496,
348,
196,
120,
124,
256,
424,
644,
748,
852,
796,
752,
656,
532,
412,
284,
220,
152,
116,
140,
264,
432,
540,
656,
700,
764,
704,
664,
620,
536,
492,
424,
320,
204,
152,
204,
320,
504,
468,
580,
568,
608,
548,
600,
516,
436,
420,
344,
404,
360,
380,
408,
480,
504,
488,
524,
472,
440,
364,
400,
412,
328,
360,
408,
436,
468,
516,
472,
416,
364,
400,
444,
412,
484,
540,
528,
484,
480,
480,
432,
412,
416,
372,
416,
436,
496,
464,
544,
556,
588,
452,
572,
572,
576,
488,
480,
496,
448,
448,
436,
428,
424,
448,
412,
412,
476,
456,
500,
420,
472,
492,
464,
480,
452,
444,
444,
456,
456,
436,
420,
436,
420,
408,
448,
500,
484,
512,
524,
508,
472,
508,
492,
424,
420,
440,
408,
440,
436,
444,
488,
436,
472,
392,
444,
320,
388,
340,
364,
360,
380,
440,
412,
476,
456,
484,
552,
592,
604,
600,
560,
536,
464,
428,
380,
332,
336,
396,
404,
396,
424,
476,
488,
480,
508,
472,
464,
416,
396,
400,
412,
372,
376,
316,
360,
368,
404,
452,
416,
532,
488,
484,
440,
492,
464,
428,
428,
392,
504,
484,
584,
488,
468,
400,
380,
324,
320,
276,
256,
364,
364,
472,
472,
512,
544,
568,
572,
516,
468,
372,
312,
284,
344,
260,
240,
328,
400,
448,
412,
452,
468,
508,
516,
532,
544,
508,
504,
460,
468,
436,
428,
436,
396,
412,
448,
544,
540,
588,
548,
472,
352,
328,
268,
252,
288,
280,
352,
404,
512,
472,
520,
544,
500,
496,
428,
400,
392,
376,
392,
356,
376,
400,
404,
360,
372,
376,
456,
476,
496,
460,
388,
444,
432,
448,
412,
536,
608,
592,
636,
580,
556,
420,
440,
400,
380,
336,
368,
476,
504,
600,
564,
616,
592,
604,
560,
512,
504,
484,
504,
408,
464,
460,
452,
448,
456,
472,
452,
452,
440,
452,
424,
400,
460,
388,
416,
380,
440,
424,
464,
476,
512,
524,
444,
508,
488,
484,
456,
392,
432,
300,
404,
336,
436,
392,
500,
508,
516,
492,
448,
472,
392,
376,
304,
332,
328,
324,
372,
364,
408,
424,
456,
496,
492,
476,
444,
460,
444,
520,
516,
500,
504,
488,
472,
424,
404,
340,
404,
400,
352,
396,
488,
516,
500,
488,
632,
564,
556,
472,
580,
556,
588,
504,
572,
484,
432,
456,
364,
340,
404,
524,
408,
420,
584,
580,
512,
452,
552,
472,
456,
464,
504,
452,
440,
452,
480,
460,
408,
404,
376,
320,
292,
332,
368,
468,
548,
556,
540,
456,
380,
348,
364,
380,
432,
448,
428,
492,
396,
392,
372,
404,
392,
372,
356,
232,
332,
300,
324,
284,
348,
364,
364,
408,
372,
468,
484,
540,
500,
436,
356,
360,
392,
364,
388,
380,
420,
456,
484,
452,
432,
440,
428,
456,
456,
476,
496,
504,
444,
444,
428,
400,
412,
384,
384,
296,
272,
200,
288,
336,
320,
424,
372,
420,
348,
424,
400,
400,
408,
336,
352,
328,
364,
308,
360,
376,
424,
428,
476,
508,
472,
472,
372,
388,
376,
400,
428,
448,
492,
484,
476,
464,
484,
432,
500,
464,
444,
492,
508,
520,
464,
460,
472,
520,
532,
544,
532,
488,
460,
480,
500,
440,
436,
500,
460,
488,
492,
452,
388,
392,
372,
360,
336,
248,
256,
264,
324,
324,
424,
480,
512,
448,
420,
368,
392,
396,
396,
456,
464,
492,
484,
488,
508,
448,
440,
388,
408,
444,
492,
468,
484,
536,
528,
464,
484,
564,
452,
384,
424,
524,
504,
280,
364,
516,
568,
364,
316,
464,
476,
348,
188,
404,
452,
380,
236,
296,
380,
340,
240,
192,
344,
384,
372,
372,
504,
556,
512,
468,
556,
620,
584,
520,
504,
532,
536,
404,
420,
428,
508,
448,
428,
444,
516,
528,
500,
532,
600,
572,
516,
380,
516,
472,
512,
428,
504,
472,
552,
456,
408,
448,
368,
360,
296,
328,
344,
420,
444,
440,
456,
432,
472,
452,
472,
484,
500,
520,
504,
484,
472,
488,
536,
552,
524,
508,
508,
528,
508,
468,
412,
404,
444,
456,
464,
472,
504,
464,
484,
400,
420,
320,
348,
364,
392,
292,
392,
340,
392,
368,
360,
400,
484,
488,
488,
500,
444,
484,
516,
532,
536,
488,
476,
384,
404,
384,
384,
424,
440,
444,
464,
480,
468,
460,
384,
400,
400,
388,
408,
460,
484,
440,
388,
364,
332,
300,
340,
364,
408,
524,
524,
584,
576,
580,
560,
492,
468,
400,
468,
436,
496,
444,
448,
416,
408,
448,
392,
420,
364,
380,
432,
520,
536,
564,
616,
600,
608,
536,
484,
436,
400,
376,
380,
384,
388,
408,
392,
400,
392,
380,
404,
444,
436,
408,
368,
396,
460,
504,
556,
504,
504,
480,
388,
404,
308,
356,
264,
360,
388,
420,
416,
424,
464,
448,
500,
412,
424,
416,
404,
328,
320,
360,
344,
420,
416,
508,
556,
592,
584,
524,
476,
424,
388,
340,
308,
328,
408,
404,
420,
460,
464,
468,
444,
408,
424,
444,
376,
388,
360,
368,
388,
424,
416,
420,
416,
424,
432,
464,
492,
520,
460,
444,
392,
404,
384,
376,
360,
348,
332,
332,
392,
448,
472,
516,
520,
528,
472,
424,
344,
320,
316,
360,
364,
384,
436,
492,
504,
460,
492,
516,
508,
492,
500,
460,
476,
532,
476,
500,
456,
480,
432,
360,
348,
312,
308,
220,
292,
284,
320,
364,
380,
528,
508,
552,
452,
548,
524,
508,
456,
416,
368,
340,
324,
276,
300,
300,
376,
384,
376,
440,
504,
536,
540,
532,
456,
448,
456,
408,
360,
300,
300,
328,
336,
364,
392,
392,
420,
444,
436,
388,
380,
356,
424,
352,
400,
352,
440,
416,
508,
468,
452,
456,
460,
500,
444,
456,
440,
456,
460,
444,
468,
428,
448,
404,
384,
336,
280,
264,
204,
260,
256,
332,
328,
364,
408,
468,
504,
528,
548,
592,
616,
568,
516,
432,
392,
344,
332,
244,
276,
260,
356,
304,
412,
436,
436,
328,
444,
420,
468,
416,
404,
404,
380,
368,
340,
388,
396,
444,
444,
500,
516,
488,
508,
424,
392,
392,
376,
380,
404,
436,
472,
480,
472,
472,
408,
420,
452,
468,
460,
444,
472,
508,
556,
576,
548,
520,
492,
452,
364,
392,
292,
348,
364,
380,
408,
360,
428,
332,
424,
340,
408,
416,
484,
452,
384,
380,
300,
400,
332,
364,
376,
376,
396,
424,
428,
364,
340,
304,
320,
272,
220,
260,
288,
344,
340,
360,
352,
368,
416,
420,
436,
408,
372,
344,
332,
292,
332,
328,
360,
312,
340,
352,
292,
384,
380,
456,
448,
560,
544,
580,
512,
512,
552,
500,
528,
448,
520,
504,
532,
472,
396,
396,
340,
364,
340,
448,
408,
416,
472,
504,
516,
468,
504,
512,
488,
412,
444,
432,
424,
464,
436,
448,
388,
356,
336,
352,
312,
360,
348,
332,
324,
356,
360,
332,
356,
440,
420,
464,
488,
508,
528,
568,
556,
552,
528,
500,
444,
388,
392,
396,
424,
468,
568,
572,
568,
588,
536,
508,
428,
420,
416,
400,
380,
344,
344,
380,
416,
408,
440,
504,
572,
556,
524,
468,
540,
544,
448,
444,
436,
464,
428,
340,
436,
460,
504,
432,
492,
460,
500,
452,
400,
428,
396,
440,
360,
348,
336,
348,
328,
372,
436,
432,
440,
376,
412,
384,
300,
216,
216,
200,
248,
288,
336,
424,
436,
504,
508,
472,
472,
432,
416,
336,
316,
336,
340,
316,
312,
324,
356,
336,
300,
240,
312,
292,
400,
356,
448,
412,
492,
436,
448,
456,
440,
480,
472,
548,
520,
516,
476,
376,
372,
320,
332,
280,
288,
328,
320,
412,
416,
448,
480,
496,
484,
488,
460,
472,
516,
516,
520,
500,
532,
512,
492,
468,
464,
448,
472,
432,
416,
372,
408,
312,
392,
392,
436,
408,
512,
552,
584,
508,
496,
504,
536,
508,
436,
356,
352,
328,
324,
360,
324,
252,
332,
376,
340,
312,
392,
500,
468,
488,
580,
628,
568,
580,
556,
500,
420,
376,
420,
360,
348,
396,
424,
468,
500,
524,
556,
536,
504,
544,
460,
396,
364,
344,
360,
280,
360,
336,
452,
404,
432,
368,
364,
376,
360,
340,
332,
412,
392,
436,
432,
448,
456,
436,
400,
396,
452,
396,
368,
372,
360,
356,
360,
368,
400,
400,
416,
424,
408,
412,
456,
468,
468,
432,
408,
420,
424,
408,
392,
424,
456,
440,
376,
432,
400,
432,
336,
432,
480,
516,
524,
528,
548,
520,
520,
364,
312,
252,
260,
300,
348,
400,
428,
496,
460,
504,
544,
588,
548,
436,
380,
256,
256,
220,
216,
212,
312,
400,
492,
532,
524,
504,
504,
488,
456,
480,
440,
448,
504,
524,
508,
480,
436,
364,
364,
368,
328,
420,
432,
428,
384,
440,
388,
444,
412,
440,
412,
420,
444,
448,
420,
324,
360,
400,
400,
420,
428,
504,
508,
456,
432,
404,
376,
368,
344,
328,
348,
352,
412,
380,
340,
320,
272,
316,
332,
388,
432,
504,
516,
596,
612,
520,
532,
512,
492,
428,
500,
444,
404,
360,
328,
408,
396,
428,
404,
484,
476,
440,
440,
424,
408,
388,
436,
384,
392,
380,
376,
372,
348,
364,
384,
404,
420,
472,
504,
564,
592,
504,
480,
404,
360,
364,
328,
292,
296,
312,
332,
348,
372,
372,
388,
400,
492,
440,
472,
384,
440,
428,
476,
412,
404,
420,
380,
468,
436,
444,
500,
520,
524,
472,
468,
420,
408,
336,
324,
316,
344,
408,
472,
580,
548,
564,
492,
480,
444,
448,
428,
432,
452,
432,
440,
396,
432,
396,
408,
480,
516,
544,
596,
520,
504,
376,
440,
400,
348,
256,
372,
344,
452,
400,
392,
408,
412,
368,
356,
328,
348,
380,
356,
404,
484,
484,
480,
428,
444,
476,
492,
428,
404,
376,
416,
428,
428,
456,
428,
492,
528,
512,
540,
496,
484,
468,
384,
324,
312,
316,
260,
284,
312,
400,
368,
472,
480,
420,
436,
412,
508,
428,
492,
404,
460,
400,
464,
476,
464,
528,
492,
564,
520,
572,
560,
548,
616,
600,
552,
552,
556,
524,
520,
488,
516,
540,
512,
524,
488,
480,
452,
436,
452,
452,
464,
468,
472,
476,
468,
468,
396,
308,
336,
308,
348,
372,
320,
348,
324,
348,
332,
444,
404,
388,
368,
372,
456,
400,
380,
304,
304,
356,
440,
400,
328,
332,
328,
456,
420,
412,
376,
376,
352,
368,
392,
408,
508,
516,
488,
432,
432,
364,
392,
428,
452,
516,
484,
476,
504,
568,
564,
592,
552,
508,
516,
516,
556,
476,
432,
464,
472,
516,
496,
468,
488,
504,
432,
440,
384,
348,
372,
420,
444,
412,
444,
432,
484,
464,
432,
396,
300,
288,
260,
304,
372,
392,
388,
376,
344,
344,
344,
300,
256,
224,
380,
504,
484,
524,
616,
556,
444,
460,
588,
632,
444,
236,
436,
580,
476,
268,
424,
540,
536,
420,
456,
672,
576,
448,
396,
588,
648,
504,
312,
412,
552,
508,
484,
432,
524,
468,
428,
456,
488,
504,
432,
444,
548,
620,
572,
532,
528,
488,
484,
424,
496,
468,
412,
400,
436,
476,
416,
348,
360,
360,
396,
392,
476,
416,
500,
412,
456,
364,
436,
436,
428,
428,
444,
552,
516,
536,
504,
496,
516,
464,
468,
388,
404,
376,
460,
424,
368,
396,
388,
392,
496,
560,
540,
588,
592,
544,
496,
472,
488,
520,
556,
520,
540,
508,
536,
488,
448,
364,
300,
264,
296,
216,
316,
328,
368,
308,
444,
416,
500,
432,
436,
492,
508,
520,
452,
424,
448,
492,
528,
520,
520,
472,
500,
428,
476,
488,
524,
580,
588,
568,
516,
504,
428,
420,
372,
360,
408,
368,
416,
468,
568,
600,
660,
656,
620,
608,
580,
504,
460,
500,
440,
508,
504,
488,
488,
460,
468,
420,
556,
456,
496,
460,
516,
500,
456,
464,
360,
388,
340,
328,
316,
320,
344,
356,
352,
392,
432,
476,
480,
488,
500,
468,
464,
492,
492,
464,
464,
484,
540,
556,
536,
524,
524,
496,
516,
560,
540,
452,
440,
444,
500,
524,
484,
488,
404,
412,
376,
476,
412,
372,
380,
420,
504,
468,
532,
500,
524,
496,
472,
440,
440,
468,
452,
492,
464,
512,
480,
548,
544,
572,
596,
648,
644,
564,
516,
452,
468,
392,
388,
332,
312,
324,
304,
340,
288,
356,
356,
404,
436,
452,
500,
492,
524,
496,
496,
536,
516,
544,
512,
468,
468,
452,
424,
428,
412,
404,
432,
452,
468,
488,
480,
500,
532,
484,
444,
392,
376,
412,
400,
400,
432,
464,
456,
448,
464,
440,
392,
372,
404,
432,
508,
544,
536,
560,
500,
460,
412,
440,
400,
512,
532,
452,
532,
484,
472,
480,
528,
408,
384,
404,
372,
332,
292,
416,
360,
344,
328,
364,
368,
368,
432,
428,
400,
328,
412,
364,
324,
420,
484,
452,
432,
464,
388,
276,
276,
380,
348,
300,
428,
464,
460,
412,
460,
488,
528,
540,
560,
584,
536,
540,
540,
568,
648,
524,
580,
476,
500,
388,
444,
408,
448,
504,
544,
608,
608,
620,
580,
500,
452,
400,
372,
372,
400,
340,
356,
400,
436,
448,
448,
452,
456,
488,
492,
488,
480,
456,
420,
352,
332,
340,
384,
404,
464,
532,
564,
600,
624,
584,
536,
436,
444,
320,
412,
380,
408,
356,
520,
468,
496,
480,
516,
520,
552,
604,
596,
596,
620,
600,
564,
516,
516,
416,
400,
288,
292,
340,
364,
396,
412,
444,
452,
440,
440,
420,
392,
400,
392,
388,
436,
464,
520,
540,
508,
500,
508,
540,
508,
488,
428,
516,
408,
472,
408,
452,
452,
404,
444,
336,
452,
396,
468,
440,
500,
512,
516,
556,
524,
580,
556,
604,
572,
588,
572,
508,
524,
520,
484,
420,
404,
348,
340,
360,
420,
464,
500,
484,
496,
484,
516,
448,
436,
444,
452,
436,
448,
456,
524,
540,
532,
492,
516,
508,
500,
556,
472,
484,
500,
560,
512,
504,
488,
524,
600,
584,
624,
560,
556,
556,
568,
556,
556,
552,
496,
492,
444,
476,
484,
520,
524,
548,
576,
508,
524,
468,
372,
316,
328,
332,
344,
364,
404,
388,
400,
420,
404,
420,
440,
460,
512,
520,
512,
460,
492,
432,
388,
356,
260,
280,
308,
340,
316,
356,
400,
424,
400,
384,
424,
408,
420,
360,
404,
452,
468,
440,
448,
468,
460,
464,
464,
492,
456,
452,
460,
436,
400,
352,
328,
308,
340,
428,
484,
556,
608,
640,
564,
540,
476,
460,
400,
432,
452,
424,
552,
508,
524,
480,
548,
520,
496,
480,
504,
540,
492,
480,
348,
396,
392,
396,
408,
400,
404,
396,
364,
280,
320,
316,
348,
396,
392,
408,
392,
424,
452,
448,
356,
364,
380,
364,
380,
368,
372,
360,
376,
412,
460,
512,
492,
540,
612,
596,
596,
548,
604,
500,
524,
376,
400,
328,
404,
412,
432,
500,
480,
540,
528,
572,
544,
544,
520,
440,
452,
396,
448,
464,
476,
472,
512,
528,
480,
488,
480,
488,
504,
528,
528,
456,
492,
524,
488,
408,
392,
380,
404,
360,
384,
396,
444,
384,
516,
504,
588,
480,
496,
460,
440,
320,
388,
336,
376,
388,
416,
456,
432,
452,
516,
520,
488,
516,
496,
428,
428,
392,
392,
292,
336,
356,
356,
364,
400,
432,
480,
508,
508,
500,
428,
376,
396,
384,
428,
532,
656,
696,
628,
636,
604,
560,
472,
380,
336,
368,
288,
324,
380,
444,
520,
460,
548,
520,
632,
540,
556,
540,
556,
500,
420,
428,
412,
480,
428,
444,
388,
412,
460,
476,
500,
464,
472,
444,
444,
448,
436,
436,
440,
496,
504,
524,
552,
588,
596,
504,
464,
396,
352,
344,
340,
400,
420,
372,
420,
428,
476,
452,
380,
464,
448,
432,
380,
436,
400,
396,
388,
388,
404,
376,
400,
356,
364,
328,
364,
392,
440,
464,
464,
516,
460,
484,
436,
420,
408,
412,
424,
372,
412,
428,
448,
432,
468,
484,
488,
472,
456,
444,
368,
400,
360,
400,
388,
416,
440,
460,
480,
492,
480,
376,
340,
356,
348,
356,
336,
352,
368,
448,
428,
468,
464,
428,
448,
440,
416,
384,
376,
412,
464,
444,
448,
476,
492,
492,
460,
424,
416,
412,
396,
392,
376,
396,
412,
436,
480,
492,
544,
520,
456,
412,
384,
404,
424,
456,
444,
488,
484,
484,
568,
516,
500,
352,
396,
336,
336,
324,
280,
392,
408,
556,
520,
540,
544,
524,
504,
488,
484,
424,
444,
376,
416,
388,
360,
340,
344,
416,
428,
440,
380,
392,
424,
452,
500,
508,
532,
492,
516,
440,
424,
400,
436,
436,
396,
364,
360,
400,
384,
356,
420,
344,
404,
372,
488,
460,
524,
484,
464,
428,
388,
364,
284,
344,
388,
488,
500,
564,
612,
564,
560,
468,
376,
368,
344,
340,
304,
364,
408,
456,
436,
432,
376,
392,
412,
396,
404,
344,
396,
396,
408,
400,
444,
436,
476,
464,
520,
512,
544,
464,
540,
480,
440,
356,
468,
480,
508,
424,
452,
492,
484,
428,
380,
408,
440,
456,
488,
488,
484,
488,
580,
484,
452,
364,
384,
396,
428,
400,
420,
480,
464,
448,
408,
396,
412,
364,
376,
344,
348,
372,
364,
416,
392,
384,
408,
428,
376,
468,
432,
444,
416,
456,
540,
480,
480,
428,
532,
436,
408,
400,
448,
372,
344,
360,
408,
496,
440,
468,
464,
468,
432,
368,
388,
420,
420,
408,
424,
404,
456,
464,
444,
372,
404,
376,
392,
364,
448,
412,
408,
444,
488,
464,
428,
468,
464,
452,
436,
352,
436,
476,
420,
412,
372,
424,
388,
488,
428,
384,
340,
328,
372,
304,
312,
284,
336,
364,
336,
336,
360,
388,
424,
484,
420,
444,
384,
384,
384,
364,
372,
372,
440,
396,
388,
388,
436,
452,
472,
476,
488,
524,
520,
556,
572,
628,
588,
564,
568,
536,
516,
488,
572,
500,
496,
548,
536,
548,
520,
488,
380,
388,
348,
396,
428,
464,
504,
536,
492,
440,
432,
400,
372,
360,
356,
372,
380,
364,
372,
388,
356,
332,
300,
300,
312,
352,
384,
356,
368,
388,
424,
392,
376,
416,
428,
432,
396,
412,
364,
400,
448,
356,
400,
316,
316,
280,
396,
368,
400,
408,
412,
492,
452,
488,
360,
328,
296,
292,
300,
360,
444,
488,
588,
528,
604,
580,
564,
520,
440,
444,
412,
448,
416,
460,
436,
456,
480,
480,
520,
496,
468,
396,
376,
280,
240,
264,
260,
316,
360,
420,
424,
444,
516,
452,
500,
444,
512,
388,
384,
284,
232,
296,
292,
356,
388,
456,
452,
452,
484,
380,
380,
328,
368,
312,
300,
316,
340,
352,
372,
428,
412,
464,
448,
504,
472,
504,
484,
452,
496,
496,
492,
488,
508,
532,
560,
556,
568,
548,
536,
412,
388,
288,
348,
356,
368,
292,
404,
428,
500,
460,
480,
452,
444,
452,
404,
408,
436,
440,
444,
436,
452,
400,
460,
392,
428,
428,
424,
420,
464,
520,
492,
456,
404,
384,
340,
368,
404,
392,
424,
456,
512,
524,
464,
412,
380,
412,
368,
296,
276,
348,
304,
376,
380,
412,
436,
372,
472,
428,
560,
468,
468,
432,
432,
416,
400,
436,
420,
488,
428,
400,
368,
364,
372,
344,
312,
324,
352,
404,
392,
408,
424,
436,
444,
456,
424,
436,
512,
472,
496,
528,
516,
476,
472,
424,
420,
404,
360,
360,
316,
308,
392,
476,
428,
508,
456,
456,
400,
440,
392,
404,
420,
424,
504,
472,
524,
464,
492,
476,
472,
416,
348,
356,
316,
336,
332,
376,
364,
364,
360,
336,
384,
328,
344,
348,
328,
336,
416,
424,
420,
424,
416,
384,
364,
368,
428,
476,
428,
456,
456,
472,
476,
424,
456,
468,
496,
572,
536,
516,
516,
516,
424,
388,
372,
376,
340,
308,
332,
320,
380,
412,
460,
472,
492,
424,
356,
388,
408,
368,
324,
328,
320,
344,
340,
372,
384,
436,
460,
436,
404,
384,
364,
408,
396,
348,
296,
288,
256,
308,
312,
400,
472,
444,
468,
392,
436,
376,
536,
516,
524,
468,
440,
472,
412,
428,
352,
372,
340,
408,
380,
416,
432,
400,
432,
396,
408,
372,
376,
352,
340,
360,
308,
352,
360,
412,
416,
404,
456,
456,
524,
536,
548,
496,
480,
432,
408,
380,
372,
432,
512,
520,
488,
452,
520,
384,
400,
336,
392,
328,
396,
348,
356,
412,
440,
524,
508,
544,
508,
520,
532,
464,
480,
428,
484,
396,
424,
436,
424,
448,
468,
492,
520,
580,
528,
544,
496,
468,
452,
380,
372,
356,
368,
360,
332,
316,
312,
352,
400,
480,
548,
532,
596,
492,
552,
476,
392,
236,
372,
360,
424,
424,
476,
536,
472,
420,
348,
316,
304,
376,
360,
332,
372,
364,
444,
452,
480,
556,
596,
576,
580,
548,
532,
472,
448,
456,
400,
380,
388,
368,
364,
376,
380,
420,
480,
512,
608,
652,
648,
628,
528,
540,
420,
404,
356,
324,
340,
296,
388,
328,
408,
288,
328,
288,
292,
328,
356,
392,
356,
428,
424,
376,
352,
316,
328,
348,
376,
332,
336,
360,
420,
448,
480,
456,
444,
356,
336,
328,
332,
372,
408,
400,
444,
460,
508,
524,
512,
492,
484,
428,
416,
380,
408,
376,
360,
456,
440,
468,
472,
596,
548,
512,
384,
320,
300,
212,
232,
248,
344,
376,
412,
432,
408,
444,
428,
448,
372,
388,
368,
388,
428,
412,
416,
424,
432,
388,
352,
344,
452,
444,
436,
408,
356,
344,
296,
336,
360,
440,
420,
400,
412,
416,
400,
400,
440,
396,
372,
384,
392,
444,
472,
460,
420,
468,
424,
392,
388,
408,
440,
452,
476,
504,
588,
520,
528,
492,
504,
452,
468,
468,
496,
480,
476,
492,
456,
444,
428,
424,
440,
472,
508,
520,
524,
476,
468,
404,
392,
348,
316,
356,
344,
416,
448,
428,
460,
400,
396,
288,
296,
268,
292,
268,
232,
348,
324,
380,
332,
348,
324,
364,
372,
396,
408,
324,
352,
292,
348,
284,
280,
260,
284,
336,
364,
408,
368,
380,
348,
300,
288,
248,
256,
308,
396,
404,
424,
412,
380,
436,
400,
348,
360,
332,
332,
336,
436,
328,
424,
388,
428,
352,
444,
456,
504,
536,
476,
456,
388,
384,
380,
408,
452,
452,
488,
480,
552,
500,
504,
464,
436,
400,
324,
320,
264,
308,
340,
344,
332,
360,
376,
412,
476,
480,
524,
520,
548,
540,
488,
456,
404,
380,
368,
300,
380,
304,
340,
468,
588,
428,
384,
440,
604,
392,
168,
264,
504,
468,
288,
284,
496,
640,
452,
372,
516,
588,
492,
256,
348,
452,
404,
276,
288,
456,
488,
472,
480,
592,
624,
564,
520,
508,
524,
520,
468,
444,
480,
488,
460,
456,
480,
524,
492,
548,
480,
476,
408,
400,
380,
392,
456,
356,
456,
404,
436,
376,
360,
388,
424,
484,
400,
424,
412,
408,
344,
324,
312,
344,
352,
360,
408,
432,
456,
460,
384,
388,
356,
372,
364,
388,
348,
328,
324,
356,
388,
416,
412,
420,
432,
404,
416,
436,
436,
356,
380,
424,
340,
424,
392,
472,
412,
524,
460,
468,
428,
396,
420,
404,
440,
412,
480,
532,
508,
480,
528,
532,
412,
388,
448,
392,
344,
408,
456,
340,
252,
260,
420,
440,
380,
464,
600,
444,
432,
536,
648,
552,
328,
252,
360,
556,
428,
256,
244,
392,
316,
208,
336,
504,
456,
288,
384,
604,
572,
436,
360,
512,
600,
560,
424,
468,
560,
556,
496,
556,
656,
608,
540,
536,
632,
572,
464,
428,
416,
400,
336,
344,
400,
336,
296,
384,
492,
512,
504,
424,
404,
360,
308,
292,
300,
376,
436,
472,
456,
512,
564,
464,
516,
520,
544,
420,
496,
456,
408,
404,
412,
484,
424,
472,
400,
428,
420,
408,
340,
348,
352,
364,
404,
360,
392,
416,
492,
484,
492,
488,
492,
540,
536,
532,
504,
496,
492,
408,
364,
328,
368,
352,
400,
384,
448,
484,
504,
524,
488,
480,
488,
464,
592,
556,
608,
516,
592,
516,
536,
472,
464,
472,
456,
500,
452,
436,
372,
384,
340,
308,
328,
304,
384,
388,
440,
480,
476,
500,
444,
440,
360,
348,
324,
388,
412,
428,
440,
436,
432,
416,
416,
380,
396,
388,
460,
464,
480,
456,
464,
412,
420,
264,
308,
276,
232,
128,
216,
228,
360,
376,
436,
472,
524,
532,
520,
528,
524,
548,
520,
500,
484,
472,
476,
460,
456,
468,
448,
420,
356,
300,
316,
340,
372,
396,
344,
400,
416,
428,
416,
420,
392,
396,
400,
412,
376,
404,
400,
400,
372,
416,
404,
432,
424,
436,
440,
360,
368,
300,
412,
348,
380,
344,
456,
488,
520,
532,
480,
520,
484,
472,
456,
508,
540,
508,
444,
388,
412,
416,
392,
372,
352,
376,
372,
380,
372,
420,
452,
476,
516,
512,
512,
448,
452,
396,
360,
336,
316,
260,
260,
244,
340,
408,
424,
520,
508,
552,
488,
540,
488,
456,
416,
364,
460,
396,
480,
500,
564,
572,
580,
564,
552,
520,
468,
460,
356,
360,
336,
364,
372,
376,
440,
424,
440,
404,
376,
400,
460,
420,
388,
380,
400,
444,
460,
484,
500,
560,
528,
516,
480,
408,
392,
332,
396,
360,
400,
396,
396,
384,
420,
440,
436,
456,
440,
532,
448,
452,
452,
436,
420,
392,
440,
444,
452,
428,
424,
444,
452,
492,
508,
540,
532,
532,
512,
488,
460,
372,
380,
368,
372,
372,
396,
412,
440,
464,
420,
452,
440,
460,
424,
456,
492,
488,
536,
476,
472,
420,
492,
452,
468,
472,
440,
508,
432,
504,
444,
464,
508,
568,
568,
564,
612,
580,
584,
512,
548,
524,
508,
428,
408,
432,
392,
408,
408,
464,
440,
400,
436,
356,
372,
396,
476,
492,
512,
508,
516,
496,
488,
472,
436,
376,
364,
392,
464,
364,
472,
400,
416,
332,
388,
344,
388,
444,
424,
480,
480,
596,
536,
436,
392,
328,
320,
192,
256,
256,
308,
264,
308,
388,
388,
416,
380,
428,
420,
432,
416,
400,
420,
400,
456,
456,
504,
512,
456,
408,
400,
352,
388,
388,
408,
360,
500,
500,
600,
604,
588,
472,
540,
420,
428,
344,
324,
336,
420,
444,
372,
368,
404,
464,
464,
420,
432,
424,
436,
376,
348,
368,
344,
360,
404,
408,
416,
456,
488,
500,
440,
404,
404,
396,
452,
424,
420,
444,
440,
492,
488,
492,
524,
528,
484,
548,
464,
380,
356,
404,
424,
392,
452,
428,
508,
480,
524,
504,
532,
536,
520,
524,
432,
408,
400,
380,
372,
412,
408,
404,
388,
384,
424,
440,
456,
492,
496,
480,
472,
452,
448,
464,
452,
464,
424,
420,
448,
424,
456,
484,
500,
440,
332,
336,
376,
324,
324,
324,
288,
424,
444,
508,
428,
488,
444,
448,
436,
432,
476,
428,
452,
412,
444,
464,
496,
492,
484,
520,
496,
476,
444,
452,
464,
504,
492,
504,
548,
520,
508,
464,
372,
264,
316,
332,
364,
344,
392,
472,
528,
556,
496,
500,
460,
488,
528,
500,
456,
444,
476,
416,
420,
440,
396,
388,
404,
360,
340,
396,
448,
564,
544,
548,
584,
572,
564,
520,
468,
416,
412,
348,
320,
312,
280,
324,
328,
360,
412,
452,
520,
576,
628,
616,
628,
584,
552,
504,
504,
472,
460,
456,
492,
524,
516,
492,
448,
488,
468,
440,
532,
492,
516,
440,
516,
476,
520,
544,
532,
564,
504,
536,
444,
444,
420,
408,
336,
344,
356,
360,
444,
392,
456,
500,
548,
556,
540,
540,
508,
480,
412,
388,
332,
296,
348,
324,
376,
356,
404,
392,
432,
452,
436,
436,
444,
456,
476,
476,
500,
500,
520,
364,
424,
384,
444,
408,
452,
436,
396,
420,
384,
448,
452,
508,
476,
516,
520,
452,
432,
408,
420,
360,
428,
500,
548,
552,
496,
496,
424,
416,
312,
356,
348,
376,
420,
424,
468,
404,
452,
408,
448,
452,
436,
436,
392,
348,
364,
328,
344,
252,
368,
388,
452,
444,
540,
516,
572,
556,
528,
536,
468,
476,
408,
364,
332,
376,
352,
344,
436,
448,
480,
432,
384,
284,
216,
184,
232,
304,
428,
512,
588,
664,
668,
672,
724,
656,
572,
460,
344,
248,
188,
200,
304,
472,
668,
728,
692,
736,
684,
648,
520,
360,
260,
120,
124,
40,
188,
196,
356,
468,
612,
724,
748,
744,
624,
588,
508,
480,
452,
436,
364,
256,
284,
332,
412,
444,
456,
468,
536,
580,
604,
600,
532,
516,
464,
432,
416,
368,
384,
372,
408,
448,
524,
528,
584,
600,
672,
624,
564,
508,
416,
412,
276,
284,
232,
340,
336,
380,
384,
404,
516,
516,
552,
504,
492,
500,
548,
480,
464,
428,
376,
412,
404,
452,
420,
404,
420,
408,
436,
432,
492,
472,
492,
472,
476,
436,
456,
472,
468,
424,
376,
340,
340,
388,
364,
376,
436,
460,
488,
436,
468,
448,
484,
496,
520,
512,
484,
480,
420,
408,
352,
408,
380,
456,
488,
412,
432,
388,
392,
376,
312,
360,
404,
444,
468,
476,
452,
456,
444,
444,
492,
536,
528,
516,
560,
572,
540,
528,
496,
464,
452,
428,
360,
380,
352,
400,
360,
388,
384,
392,
452,
440,
508,
436,
552,
480,
440,
372,
380,
460,
420,
468,
416,
440,
372,
356,
296,
264,
276,
272,
328,
268,
296,
276,
340,
336,
364,
380,
360,
380,
360,
372,
336,
336,
368,
372,
444,
464,
496,
484,
492,
500,
532,
556,
532,
540,
600,
588,
528,
492,
504,
408,
556,
472,
560,
560,
660,
652,
596,
556,
472,
404,
340,
356,
324,
324,
396,
424,
516,
516,
564,
468,
440,
380,
304,
284,
280,
328,
348,
396,
388,
420,
388,
368,
316,
328,
380,
356,
404,
384,
408,
388,
424,
424,
424,
332,
344,
268,
328,
260,
368,
360,
388,
304,
444,
372,
444,
408,
428,
500,
556,
532,
488,
456,
448,
456,
444,
412,
436,
440,
500,
448,
440,
396,
416,
392,
412,
408,
508,
504,
540,
572,
548,
552,
544,
480,
492,
472,
464,
460,
464,
484,
508,
524,
544,
504,
456,
436,
412,
440,
436,
444,
412,
336,
404,
360,
464,
388,
432,
368,
352,
316,
296,
312,
268,
372,
364,
396,
416,
476,
540,
508,
500,
520,
532,
516,
508,
444,
388,
420,
408,
396,
416,
436,
404,
408,
440,
488,
496,
464,
472,
464,
500,
484,
540,
540,
532,
496,
504,
468,
384,
468,
440,
496,
464,
520,
512,
476,
400,
380,
456,
456,
508,
472,
512,
536,
576,
568,
552,
524,
472,
516,
440,
520,
460,
424,
384,
388,
424,
456,
444,
424,
420,
388,
380,
308,
300,
320,
328,
384,
352,
316,
300,
348,
340,
312,
284,
272,
272,
252,
336,
344,
364,
424,
440,
524,
556,
572,
556,
552,
460,
452,
456,
420,
424,
424,
464,
404,
392,
416,
488,
480,
464,
484,
464,
460,
472,
520,
484,
416,
400,
388,
420,
408,
364,
344,
312,
360,
364,
356,
392,
408,
448,
464,
412,
432,
444,
456,
444,
348,
404,
376,
392,
312,
400,
396,
408,
408,
408,
468,
496,
548,
464,
516,
528,
536,
500,
516,
532,
492,
472,
496,
540,
512,
544,
512,
484,
444,
404,
420,
372,
420,
448,
472,
504,
484,
516,
456,
456,
380,
384,
400,
448,
504,
500,
492,
448,
372,
352,
352,
444,
392,
504,
484,
600,
588,
700,
656,
612,
620,
520,
456,
348,
312,
300,
372,
412,
416,
488,
468,
500,
460,
436,
404,
408,
404,
368,
348,
336,
368,
384,
472,
504,
548,
536,
484,
532,
516,
520,
520,
536,
488,
404,
344,
320,
308,
316,
308,
404,
380,
484,
480,
476,
440,
560,
552,
552,
500,
512,
532,
540,
548,
544,
576,
536,
528,
488,
456,
436,
360,
400,
400,
432,
436,
436,
424,
448,
492,
464,
424,
404,
428,
412,
424,
444,
428,
452,
452,
412,
408,
360,
356,
360,
360,
308,
332,
340,
396,
364,
420,
424,
436,
504,
548,
588,
456,
560,
460,
440,
336,
392,
420,
452,
480,
444,
588,
564,
524,
492,
404,
408,
352,
332,
344,
380,
408,
464,
484,
560,
568,
516,
488,
440,
400,
388,
376,
388,
400,
412,
384,
396,
356,
376,
444,
420,
376,
460,
440,
504,
564,
508,
536,
512,
496,
464,
488,
464,
464,
480,
452,
532,
480,
496,
424,
352,
292,
324,
296,
312,
412,
428,
460,
444,
500,
496,
560,
548,
556,
564,
488,
460,
436,
412,
420,
436,
416,
412,
380,
344,
308,
252,
332,
388,
476,
516,
564,
620,
576,
512,
448,
480,
416,
368,
400,
380,
360,
348,
360,
364,
384,
380,
392,
340,
344,
360,
416,
456,
480,
508,
516,
532,
508,
492,
476,
428,
420,
416,
468,
520,
520,
532,
508,
496,
468,
424,
352,
368,
364,
384,
364,
380,
344,
352,
320,
352,
384,
368,
460,
516,
500,
568,
508,
524,
464,
552,
496,
472,
420,
388,
432,
392,
456,
464,
548,
568,
604,
568,
544,
492,
428,
392,
312,
352,
336,
360,
348,
384,
408,
448,
460,
472,
444,
396,
392,
424,
368,
356,
316,
336,
340,
372,
460,
516,
560,
544,
520,
456,
404,
388,
344,
424,
436,
568,
504,
556,
516,
556,
528,
516,
536,
464,
480,
360,
376,
372,
384,
412,
360,
404,
412,
504,
472,
508,
488,
472,
488,
476,
484,
452,
468,
484,
524,
548,
608,
580,
584,
532,
468,
460,
456,
508,
516,
588,
600,
628,
564,
528,
484,
520,
424,
492,
504,
516,
424,
492,
424,
424,
328,
364,
420,
460,
492,
468,
436,
400,
412,
376,
380,
420,
376,
368,
272,
340,
384,
408,
396,
400,
388,
364,
376,
388,
372,
416,
484,
424,
392,
456,
436,
304,
308,
284,
280,
224,
284,
284,
272,
352,
500,
464,
468,
552,
648,
532,
444,
524,
440,
388,
296,
416,
332,
360,
400,
428,
460,
464,
524,
532,
524,
456,
488,
476,
396,
372,
328,
340,
408,
464,
480,
480,
556,
564,
556,
580,
600,
600,
572,
576,
524,
448,
372,
328,
272,
252,
212,
204,
252,
344,
360,
416,
404,
356,
412,
376,
408,
376,
516,
504,
476,
444,
444,
516,
464,
576,
528,
552,
584,
592,
568,
540,
528,
436,
420,
312,
380,
412,
452,
488,
508,
544,
584,
588,
552,
532,
492,
512,
488,
420,
380,
324,
356,
356,
376,
360,
488,
488,
496,
476,
448,
396,
392,
368,
292,
244,
316,
316,
308,
336,
400,
436,
484,
512,
564,
552,
556,
580,
556,
568,
524,
512,
460,
436,
368,
320,
324,
332,
372,
340,
324,
336,
360,
392,
440,
480,
456,
444,
420,
436,
368,
332,
320,
380,
384,
376,
392,
408,
436,
408,
448,
444,
380,
428,
340,
336,
252,
364,
384,
464,
456,
456,
504,
472,
524,
456,
456,
464,
420,
364,
348,
392,
364,
396,
348,
416,
396,
416,
448,
480,
512,
488,
504,
468,
460,
452,
448,
456,
396,
404,
420,
408,
372,
324,
292,
308,
368,
340,
408,
424,
424,
400,
412,
428,
384,
484,
436,
516,
436,
524,
500,
464,
480,
440,
532,
488,
496,
516,
500,
496,
464,
492,
448,
480,
416,
380,
352,
388,
392,
388,
436,
384,
432,
428,
412,
428,
444,
444,
488,
504,
516,
524,
540,
556,
500,
464,
412,
368,
256,
320,
260,
356,
276,
436,
428,
448,
372,
488,
484,
504,
480,
484,
532,
520,
512,
448,
468,
476,
492,
460,
456,
460,
400,
440,
380,
436,
416,
480,
440,
456,
472,
512,
504,
532,
500,
380,
376,
384,
372,
396,
364,
384,
432,
472,
468,
448,
444,
456,
424,
388,
456,
416,
404,
396,
460,
468,
416,
444,
360,
412,
332,
404,
380,
436,
496,
516,
556,
568,
584,
488,
436,
348,
380,
408,
476,
456,
484,
580,
668,
764,
724,
780,
720,
456,
360,
480,
620,
516,
252,
256,
448,
488,
336,
216,
312,
376,
280,
324,
412,
492,
372,
364,
476,
572,
524,
324,
348,
380,
464,
292,
212,
256,
300,
360,
332,
408,
452,
452,
444,
524,
564,
536,
516,
476,
532,
468,
476,
468,
480,
444,
368,
412,
456,
500,
476,
436,
484,
572,
496,
456,
492,
524,
520,
508,
556,
552,
488,
508,
580,
484,
420,
404,
436,
424,
392,
516,
544,
452,
428,
508,
448,
336,
328,
340,
360,
308,
352,
460,
484,
500,
488,
508,
480,
488,
468,
448,
516,
508,
532,
576,
608,
600,
572,
620,
636,
580,
540,
464,
428,
404,
396,
360,
336,
396,
472,
580,
612,
612,
604,
532,
560,
556,
460,
480,
400,
448,
336,
400,
356,
372,
352,
408,
508,
504,
588,
528,
564,
496,
484,
456,
440,
444,
396,
412,
340,
400,
412,
472,
508,
520,
560,
560,
540,
456,
452,
412,
384,
428,
380,
468,
468,
480,
472,
456,
372,
396,
408,
440,
436,
424,
408,
356,
360,
388,
288,
336,
312,
416,
344,
416,
336,
412,
444,
452,
484,
424,
452,
432,
472,
460,
440,
468,
476,
532,
492,
468,
476,
480,
472,
432,
412,
352,
336,
304,
284,
324,
348,
364,
392,
400,
420,
424,
444,
480,
504,
484,
420,
420,
364,
440,
420,
500,
460,
560,
464,
404,
288,
356,
332,
380,
352,
376,
348,
364,
360,
316,
360,
376,
448,
488,
508,
592,
648,
724,
728,
724,
648,
632,
524,
436,
428,
420,
444,
452,
496,
544,
552,
584,
524,
476,
488,
440,
324,
248,
316,
380,
416,
440,
364,
160,
-168,
-528,
-936,
-1368,
-1824,
-2244,
-2804,
-3212,
-3776,
-4124,
-4636,
-5072,
-5492,
-5776,
-6032,
-6336,
-6508,
-6704,
-6800,
-6980,
-7028,
-7064,
-7124,
-7048,
-7032,
-6904,
-6792,
-6628,
-6532,
-6432,
-6292,
-6132,
-6032,
-5944,
-5860,
-5816,
-5812,
-5816,
-5796,
-5788,
-5780,
-5800,
-5848,
-5884,
-5908,
-5960,
-5996,
-5988,
-6040,
-6012,
-6060,
-5984,
-5996,
-5944,
-5928,
-5928,
-5896,
-5836,
-5660,
-5588,
-5592,
-5640,
-5648,
-5632,
-5620,
-5564,
-5612,
-5556,
-5500,
-5472,
-5504,
-5524,
-5500,
-5568,
-5584,
-5608,
-5564,
-5596,
-5608,
-5548,
-5500,
-5460,
-5428,
-5352,
-5320,
-5348,
-5360,
-5336,
-5380,
-5300,
-5236,
-5248,
-5268,
-5300,
-5240,
-5304,
-5280,
-5308,
-5328,
-5316,
-5216,
-5196,
-5184,
-5124,
-5140,
-5160,
-5156,
-5184,
-5184,
-5144,
-5148,
-5144,
-5112,
-5128,
-5040,
-5016,
-5024,
-4988,
-5008,
-4984,
-4968,
-4944,
-4932,
-4852,
-4908,
-4860,
-4828,
-4888,
-4876,
-4892,
-4868,
-4848,
-4828,
-4884,
-4900,
-4928,
-4976,
-5008,
-5044,
-5064,
-5008,
-4948,
-4852,
-4764,
-4716,
-4660,
-4652,
-4716,
-4736,
-4856,
-4820,
-4776,
-4764,
-4676,
-4684,
-4664,
-4732,
-4704,
-4684,
-4696,
-4752,
-4776,
-4684,
-4708,
-4648,
-4760,
-4696,
-4648,
-4528,
-4584,
-4584,
-4580,
-4640,
-4612,
-4632,
-4604,
-4592,
-4516,
-4552,
-4564,
-4544,
-4560,
-4608,
-4644,
-4584,
-4584,
-4584,
-4556,
-4516,
-4416,
-4404,
-4352,
-4408,
-4392,
-4408,
-4424,
-4412,
-4440,
-4388,
-4348,
-4368,
-4324,
-4348,
-4256,
-4360,
-4312,
-4432,
-4424,
-4464,
-4412,
-4408,
-4340,
-4268,
-4244,
-4128,
-4120,
-4140,
-4176,
-4168,
-4220,
-4272,
-4244,
-4280,
-4168,
-4152,
-4092,
-4024,
-4060,
-4020,
-4072,
-4028,
-4064,
-4040,
-4140,
-4144,
-4156,
-4112,
-4092,
-4160,
-4100,
-3996,
-3916,
-3920,
-3904,
-3948,
-3992,
-4024,
-4036,
-4052,
-4016,
-4072,
-3972,
-4124,
-4008,
-4044,
-4028,
-4128,
-3956,
-3964,
-3936,
-3988,
-3980,
-3940,
-3932,
-3916,
-3952,
-3976,
-4000,
-3960,
-3988,
-3984,
-3908,
-3900,
-3848,
-3840,
-3832,
-3860,
-3816,
-3856,
-3888,
-3876,
-3876,
-3836,
-3800,
-3828,
-3848,
-3872,
-3864,
-3884,
-3880,
-3860,
-3832,
-3856,
-3840,
-3772,
-3716,
-3680,
-3652,
-3652,
-3696,
-3744,
-3836,
-3912,
-3920,
-3940,
-3920,
-3920,
-3724,
-3732,
-3624,
-3732,
-3704,
-3748,
-3696,
-3656,
-3708,
-3668,
-3680,
-3584,
-3572,
-3580,
-3572,
-3636,
-3644,
-3696,
-3704,
-3704,
-3680,
-3660,
-3632,
-3640,
-3604,
-3540,
-3500,
-3432,
-3408,
-3404,
-3448,
-3508,
-3564,
-3592,
-3584,
-3668,
-3684,
-3612,
-3532,
-3448,
-3412,
-3424,
-3412,
-3456,
-3424,
-3440,
-3500,
-3468,
-3512,
-3468,
-3460,
-3432,
-3440,
-3448,
-3496,
-3472,
-3436,
-3480,
-3484,
-3560,
-3484,
-3524,
-3512,
-3504,
-3412,
-3356,
-3384,
-3384,
-3428,
-3436,
-3420,
-3416,
-3436,
-3448,
-3428,
-3456,
-3428,
-3448,
-3440,
-3428,
-3328,
-3356,
-3352,
-3360,
-3360,
-3380,
-3444,
-3436,
-3468,
-3448,
-3476,
-3448,
-3396,
-3320,
-3272,
-3236,
-3212,
-3256,
-3288,
-3348,
-3356,
-3384,
-3348,
-3296,
-3256,
-3280,
-3268,
-3204,
-3196,
-3220,
-3156,
-3184,
-3232,
-3280,
-3276,
-3324,
-3300,
-3276,
-3272,
-3228,
-3272,
-3196,
-3188,
-3160,
-3172,
-3144,
-3152,
-3184,
-3204,
-3240,
-3240,
-3260,
-3264,
-3260,
-3180,
-3148,
-3152,
-3156,
-3136,
-3164,
-3180,
-3176,
-3244,
-3208,
-3220,
-3196,
-3180,
-3148,
-3084,
-3112,
-3012,
-3088,
-3148,
-3188,
-3200,
-3220,
-3220,
-3140,
-3116,
-3080,
-3076,
-3000,
-2952,
-2984,
-3000,
-3032,
-2984,
-2980,
-2972,
-3008,
-2980,
-3052,
-3140,
-3148,
-3140,
-3144,
-3152,
-3096,
-3044,
-3060,
-3004,
-3016,
-2940,
-2960,
-2984,
-3000,
-3028,
-3052,
-3060,
-3096,
-3148,
-3164,
-3180,
-3144,
-3100,
-3064,
-2964,
-3052,
-2924,
-2956,
-2880,
-2968,
-2920,
-2988,
-3016,
-3008,
-3072,
-2992,
-3016,
-2996,
-2988,
-2980,
-2932,
-2928,
-2916,
-2964,
-2968,
-3040,
-3080,
-3108,
-3068,
-3060,
-3100,
-3008,
-2992,
-2976,
-3004,
-3020,
-3068,
-2996,
-2980,
-3004,
-2956,
-2980,
-2984,
-2956,
-2912,
-2908,
-2888,
-2896,
-2936,
-2948,
-2932,
-3020,
-2980,
-3084,
-2896,
-2840,
-2800,
-2900,
-2772,
-2772,
-2732,
-2824,
-2832,
-2888,
-2940,
-2924,
-3012,
-3032,
-3020,
-2956,
-2936,
-2900,
-2816,
-2848,
-2776,
-2844,
-2796,
-2808,
-2876,
-2868,
-2876,
-2856,
-2828,
-2796,
-2812,
-2808,
-2796,
-2800,
-2756,
-2760,
-2740,
-2788,
-2780,
-2836,
-2824,
-2784,
-2764,
-2796,
-2820,
-2852,
-2936,
-2960,
-3032,
-2996,
-2924,
-2844,
-2672,
-2704,
-2596,
-2700,
-2652,
-2684,
-2632,
-2648,
-2656,
-2680,
-2632,
-2560,
-2644,
-2652,
-2736,
-2752,
-2712,
-2700,
-2672,
-2724,
-2728,
-2748,
-2712,
-2704,
-2680,
-2664,
-2660,
-2680,
-2748,
-2724,
-2680,
-2644,
-2664,
-2760,
-2780,
-2760,
-2704,
-2708,
-2744,
-2780,
-2756,
-2712,
-2708,
-2760,
-2752,
-2824,
-2808,
-2800,
-2864,
-2780,
-2864,
-2816,
-2856,
-2712,
-2760,
-2748,
-2760,
-2784,
-2664,
-2576,
-2552,
-2808,
-2780,
-2588,
-2628,
-2804,
-2780,
-2484,
-2428,
-2572,
-2684,
-2484,
-2476,
-2668,
-2844,
-2672,
-2584,
-2708,
-2764,
-2736,
-2576,
-2524,
-2616,
-2636,
-2404,
-2396,
-2460,
-2528,
-2492,
-2432,
-2508,
-2556,
-2608,
-2480,
-2488,
-2480,
-2500,
-2436,
-2408,
-2524,
-2640,
-2740,
-2764,
-2812,
-2836,
-2832,
-2760,
-2760,
-2728,
-2676,
-2576,
-2552,
-2544,
-2536,
-2488,
-2488,
-2500,
-2484,
-2440,
-2488,
-2552,
-2592,
-2600,
-2560,
-2520,
-2488,
-2424,
-2352,
-2392,
-2396,
-2352,
-2388,
-2380,
-2456,
-2420,
-2436,
-2452,
-2500,
-2556,
-2536,
-2484,
-2460,
-2424,
-2364,
-2392,
-2372,
-2316,
-2348,
-2348,
-2388,
-2388,
-2448,
-2372,
-2416,
-2376,
-2328,
-2284,
-2272,
-2400,
-2328,
-2412,
-2400,
-2452,
-2480,
-2472,
-2424,
-2400,
-2388,
-2324,
-2364,
-2312,
-2396,
-2368,
-2404,
-2460,
-2548,
-2560,
-2564,
-2488,
-2388,
-2428,
-2408,
-2308,
-2292,
-2280,
-2308,
-2324,
-2312,
-2244,
-2316,
-2344,
-2344,
-2348,
-2300,
-2280,
-2296,
-2284,
-2280,
-2200,
-2280,
-2200,
-2300,
-2256,
-2392,
-2360,
-2432,
-2440,
-2400,
-2420,
-2328,
-2348,
-2336,
-2336,
-2324,
-2272,
-2332,
-2280,
-2280,
-2240,
-2224,
-2216,
-2264,
-2244,
-2240,
-2284,
-2240,
-2272,
-2276,
-2312,
-2320,
-2376,
-2340,
-2328,
-2372,
-2328,
-2260,
-2260,
-2228,
-2204,
-2132,
-2176,
-2220,
-2208,
-2264,
-2240,
-2256,
-2204,
-2304,
-2224,
-2176,
-2136,
-2276,
-2164,
-2228,
-2176,
-2220,
-2212,
-2200,
-2212,
-2216,
-2220,
-2188,
-2164,
-2104,
-2164,
-2184,
-2200,
-2244,
-2216,
-2232,
-2132,
-2128,
-2104,
-2172,
-2132,
-2144,
-2168,
-2128,
-2124,
-2088,
-2104,
-2120,
-2124,
-2152,
-2152,
-2160,
-2160,
-2156,
-2128,
-2112,
-2120,
-2116,
-2124,
-2136,
-2160,
-2108,
-2168,
-2140,
-2100,
-2084,
-2016,
-2008,
-1956,
-2064,
-1956,
-2040,
-2032,
-2112,
-2176,
-2220,
-2244,
-2172,
-2140,
-2052,
-2016,
-1964,
-1980,
-2012,
-1980,
-2052,
-2128,
-2156,
-2148,
-2160,
-2148,
-2108,
-2068,
-2024,
-2044,
-2044,
-2012,
-1996,
-1984,
-1996,
-1956,
-1976,
-2060,
-2096,
-2168,
-2152,
-2120,
-2068,
-2020,
-2024,
-1980,
-2004,
-1932,
-1928,
-1916,
-1828,
-1852,
-1860,
-1924,
-1868,
-1936,
-1976,
-2024,
-2060,
-2020,
-2072,
-2040,
-2072,
-1948,
-1860,
-1800,
-1832,
-1892,
-1888,
-1884,
-1888,
-1956,
-1956,
-2068,
-2116,
-2116,
-2096,
-2056,
-2036,
-1984,
-1972,
-1908,
-1884,
-1816,
-1836,
-1804,
-1804,
-1800,
-1856,
-1952,
-1952,
-1940,
-1892,
-1928,
-1884,
-1860,
-1804,
-1764,
-1764,
-1712,
-1728,
-1724,
-1764,
-1840,
-1876,
-1928,
-1964,
-1936,
-1924,
-1912,
-1876,
-1848,
-1788,
-1752,
-1756,
-1768,
-1816,
-1792,
-1848,
-1788,
-1828,
-1848,
-1824,
-1852,
-1852,
-1872,
-1816,
-1792,
-1724,
-1760,
-1792,
-1800,
-1848,
-1876,
-1868,
-1824,
-1760,
-1728,
-1732,
-1720,
-1688,
-1700,
-1664,
-1704,
-1688,
-1744,
-1692,
-1668,
-1704,
-1736,
-1784,
-1760,
-1848,
-1756,
-1736,
-1716,
-1740,
-1756,
-1748,
-1816,
-1788,
-1816,
-1768,
-1680,
-1576,
-1572,
-1616,
-1660,
-1720,
-1624,
-1660,
-1600,
-1636,
-1600,
-1636,
-1656,
-1660,
-1680,
-1684,
-1672,
-1644,
-1604,
-1600,
-1604,
-1604,
-1532,
-1528,
-1564,
-1620,
-1640,
-1628,
-1620,
-1600,
-1644,
-1652,
-1620,
-1652,
-1708,
-1660,
-1556,
-1772,
-1688,
-1648,
-1620,
-1776,
-1648,
-1596,
-1568,
-1596,
-1652,
-1572,
-1588,
-1568,
-1632,
-1628,
-1544,
-1560,
-1480,
-1520,
-1504,
-1560,
-1540,
-1584,
-1640,
-1640,
-1660,
-1624,
-1684,
-1612,
-1560,
-1544,
-1568,
-1504,
-1492,
-1480,
-1516,
-1508,
-1484,
-1480,
-1508,
-1536,
-1500,
-1500,
-1520,
-1620,
-1604,
-1604,
-1536,
-1608,
-1488,
-1464,
-1480,
-1600,
-1508,
-1516,
-1480,
-1572,
-1564,
-1516,
-1516,
-1516,
-1544,
-1544,
-1544,
-1476,
-1460,
-1448,
-1444,
-1500,
-1468,
-1592,
-1636,
-1680,
-1636,
-1620,
-1564,
-1504,
-1396,
-1340,
-1308,
-1332,
-1320,
-1288,
-1252,
-1348,
-1464,
-1520,
-1568,
-1512,
-1520,
-1532,
-1580,
-1548,
-1508,
-1504,
-1488,
-1372,
-1328,
-1328,
-1300,
-1308,
-1288,
-1368,
-1332,
-1428,
-1384,
-1424,
-1368,
-1396,
-1352,
-1304,
-1268,
-1220,
-1240,
-1212,
-1280,
-1336,
-1368,
-1380,
-1404,
-1408,
-1424,
-1432,
-1368,
-1384,
-1344,
-1316,
-1260,
-1244,
-1336,
-1368,
-1360,
-1312,
-1312,
-1364,
-1352,
-1324,
-1240,
-1228,
-1144,
-1108,
-1032,
-1072,
-1108,
-1156,
-1132,
-1224,
-1168,
-1160,
-1224,
-1208,
-1288,
-1244,
-1316,
-1280,
-1296,
-1260,
-1268,
-1248,
-1172,
-1192,
-1096,
-1208,
-1192,
-1280,
-1276,
-1316,
-1352,
-1324,
-1312,
-1280,
-1320,
-1224,
-1240,
-1180,
-1184,
-1252,
-1272,
-1308,
-1356,
-1380,
-1416,
-1400,
-1332,
-1352,
-1320,
-1252,
-1216,
-1240,
-1256,
-1248,
-1280,
-1220,
-1284,
-1292,
-1208,
-1188,
-1244,
-1292,
-1248,
-1244,
-1232,
-1236,
-1216,
-1176,
-1180,
-1164,
-1156,
-1148,
-1144,
-1172,
-1124,
-1168,
-1208,
-1196,
-1156,
-1216,
-1148,
-1108,
-1068,
-1080,
-1072,
-1156,
-1188,
-1188,
-1180,
-1156,
-1188,
-1148,
-1064,
-1024,
-1056,
-1036,
-992,
-1032,
-1084,
-1092,
-1080,
-1116,
-1092,
-1016,
-976,
-972,
-1008,
-1008,
-1040,
-1012,
-1012,
-1100,
-1080,
-1188,
-1228,
-1264,
-1084,
-1112,
-1056,
-1048,
-1052,
-964,
-956,
-852,
-956,
-972,
-1068,
-1136,
-1172,
-1224,
-1208,
-1248,
-1140,
-1160,
-1064,
-1000,
-912,
-932,
-916,
-896,
-892,
-876,
-900,
-924,
-920,
-936,
-944,
-940,
-908,
-908,
-900,
-924,
-888,
-916,
-920,
-904,
-868,
-880,
-884,
-908,
-932,
-980,
-916,
-1060,
-1004,
-1052,
-988,
-1020,
-920,
-936,
-892,
-864,
-880,
-840,
-944,
-984,
-1056,
-1068,
-1088,
-1064,
-1008,
-1000,
-952,
-984,
-924,
-892,
-892,
-876,
-916,
-936,
-956,
-912,
-868,
-820,
-780,
-788,
-848,
-916,
-932,
-976,
-1032,
-1016,
-956,
-920,
-844,
-768,
-748,
-844,
-840,
-932,
-880,
-1012,
-956,
-932,
-976,
-1104,
-1004,
-940,
-868,
-864,
-808,
-764,
-684,
-696,
-772,
-800,
-836,
-816,
-836,
-832,
-788,
-844,
-840,
-904,
-912,
-972,
-1016,
-1044,
-1064,
-1000,
-908,
-844,
-800,
-732,
-752,
-772,
-720,
-748,
-736,
-728,
-708,
-740,
-752,
-720,
-720,
-700,
-668,
-700,
-760,
-764,
-844,
-920,
-924,
-936,
-892,
-892,
-772,
-780,
-652,
-816,
-796,
-812,
-748,
-736,
-724,
-660,
-640,
-552,
-596,
-608,
-640,
-660,
-676,
-740,
-728,
-708,
-600,
-600,
-548,
-568,
-644,
-660,
-764,
-820,
-844,
-856,
-820,
-788,
-772,
-796,
-704,
-692,
-680,
-700,
-692,
-708,
-744,
-816,
-824,
-800,
-744,
-748,
-752,
-684,
-744,
-656,
-696,
-624,
-648,
-636,
-660,
-684,
-600,
-644,
-600,
-684,
-664,
-636,
-668,
-716,
-716,
-680,
-700,
-596,
-628,
-620,
-696,
-724,
-720,
-728,
-700,
-712,
-612,
-608,
-572,
-560,
-504,
-580,
-604,
-600,
-624,
-664,
-700,
-660,
-660,
-616,
-632,
-588,
-556,
-536,
-572,
-584,
-544,
-608,
-612,
-620,
-624,
-604,
-632,
-624,
-620,
-576,
-572,
-528,
-504,
-472,
-440,
-424,
-420,
-464,
-476,
-536,
-552,
-596,
-588,
-568,
-568,
-536,
-560,
-596,
-588,
-588,
-612,
-572,
-524,
-500,
-488,
-524,
-528,
-544,
-552,
-540,
-528,
-540,
-544,
-540,
-524,
-524,
-600,
-576,
-540,
-580,
-484,
-524,
-468,
-464,
-364,
-428,
-420,
-468,
-496,
-400,
-472,
-436,
-492,
-504,
-520,
-448,
-468,
-504,
-452,
-444,
-408,
-480,
-460,
-516,
-512,
-524,
-552,
-520,
-492,
-504,
-516,
-520,
-524,
-496,
-432,
-408,
-392,
-396,
-472,
-540,
-540,
-568,
-560,
-552,
-560,
-520,
-520,
-504,
-484,
-460,
-392,
-460,
-368,
-444,
-396,
-436,
-360,
-392,
-440,
-424,
-448,
-440,
-476,
-480,
-500,
-436,
-364,
-312,
-248,
-248,
-184,
-252,
-352,
-484,
-576,
-600,
-612,
-500,
-436,
-348,
-312,
-184,
-120,
-44,
-4,
-48,
-144,
-284,
-452,
-628,
-772,
-760,
-760,
-596,
-416,
-264,
-76,
-72,
-24,
-140,
-132,
-284,
-420,
-636,
-600,
-680,
-664,
-676,
-552,
-380,
-240,
-188,
-124,
-108,
-204,
-348,
-452,
-424,
-340,
-332,
-340,
-316,
-284,
-396,
-352,
-156,
-72,
-280,
-480,
-412,
-224,
-296,
-500,
-564,
-440,
-372,
-452,
-404,
-192,
-112,
-248,
-248,
-76,
52,
-100,
-260,
-260,
-96,
-188,
-340,
-392,
-260,
-276,
-388,
-316,
-312,
-216,
-360,
-304,
-280,
-120,
-172,
-196,
-216,
-256,
-252,
-360,
-408,
-420,
-392,
-328,
-292,
-244,
-260,
-240,
-256,
-172,
-168,
-124,
-88,
-80,
-92,
-184,
-184,
-220,
-244,
-296,
-280,
-256,
-200,
-168,
-184,
-152,
-96,
-120,
-180,
-148,
-116,
-152,
-176,
-204,
-92,
-172,
-208,
-272,
-132,
-108,
-104,
-120,
-120,
-72,
-164,
-112,
-160,
-156,
-244,
-200,
-164,
-192,
-192,
-216,
-140,
-156,
-92,
-132,
-164,
-172,
-168,
-108,
-48,
4,
4,
-20,
-24,
20,
4,
12,
-8,
-40,
-56,
-148,
-248,
-300,
-276,
-284,
-180,
-128,
-72,
-48,
-4,
60,
16,
-40,
-80,
-92,
-104,
-84,
-92,
-80,
-92,
-164,
-156,
-184,
-184,
-180,
-156,
-136,
-180,
-132,
-192,
-192,
-248,
-264,
-192,
-144,
-76,
-92,
-76,
-68,
-68,
-128,
-172,
-216,
-232,
-216,
-224,
-204,
-140,
-76,
-72,
-52,
-8,
-32,
-24,
-112,
-116,
-124,
-44,
24,
-4,
44,
-48,
-4,
-164,
-32,
-92,
-24,
-44,
24,
32,
-8,
32,
-44,
-8,
4,
-20,
-12,
-72,
-68,
-120,
-76,
-112,
20,
40,
72,
44,
60,
52,
0,
-24,
-84,
-48,
-124,
-148,
-100,
-156,
-108,
-104,
-88,
-56,
4,
28,
40,
84,
40,
12,
-24,
-104,
-76,
-72,
28,
-40,
64,
-12,
48,
-40,
4,
12,
64,
92,
92,
112,
116,
148,
128,
164,
124,
64,
116,
44,
84,
28,
76,
120,
152,
156,
164,
164,
132,
172,
136,
136,
84,
88,
68,
68,
68,
76,
132,
148,
144,
96,
80,
64,
52,
8,
48,
16,
60,
-24,
96,
96,
20,
-68,
24,
4,
48,
28,
84,
132,
176,
116,
68,
40,
-36,
-44,
-28,
4,
76,
60,
76,
60,
60,
60,
28,
-12,
28,
48,
56,
80,
100,
148,
124,
148,
136,
120,
116,
116,
100,
56,
4,
-20,
-24,
-8,
40,
68,
88,
180,
164,
148,
168,
200,
228,
136,
160,
44,
144,
64,
156,
132,
172,
156,
172,
232,
216,
264,
160,
124,
100,
108,
152,
136,
168,
152,
208,
184,
136,
120,
136,
132,
84,
104,
136,
224,
204,
168,
128,
128,
172,
164,
232,
244,
216,
252,
252,
192,
168,
120,
164,
140,
96,
148,
108,
144,
144,
264,
244,
260,
272,
276,
328,
232,
232,
132,
116,
68,
124,
140,
124,
180,
184,
244,
216,
256,
228,
224,
156,
104,
72,
68,
136,
172,
228,
260,
312,
276,
232,
212,
180,
148,
104,
156,
168,
264,
248,
264,
304,
236,
208,
188,
232,
208,
228,
220,
236,
312,
296,
320,
256,
216,
172,
208,
196,
220,
220,
224,
244,
200,
184,
148,
140,
120,
152,
188,
216,
240,
276,
344,
356,
360,
328,
268,
212,
176,
232,
224,
244,
256,
260,
212,
184,
204,
216,
268,
312,
352,
284,
404,
468,
384,
396,
288,
300,
228,
292,
292,
324,
288,
284,
344,
284,
312,
324,
376,
392,
436,
424,
388,
340,
308,
380,
348,
420,
420,
456,
416,
408,
404,
332,
360,
320,
336,
308,
288,
332,
284,
328,
304,
284,
256,
252,
272,
280,
296,
280,
324,
348,
340,
332,
344,
444,
400,
452,
320,
348,
232,
300,
216,
212,
244,
252,
304,
260,
292,
340,
380,
404,
392,
408,
340,
388,
368,
360,
380,
384,
420,
396,
408,
364,
340,
312,
308,
272,
280,
288,
288,
380,
380,
404,
388,
344,
372,
404,
392,
424,
392,
440,
420,
496,
420,
496,
484,
468,
384,
480,
472,
456,
416,
432,
504,
468,
416,
368,
324,
352,
352,
324,
332,
352,
344,
432,
436,
436,
408,
452,
428,
400,
436,
428,
436,
440,
448,
448,
492,
524,
484,
496,
444,
444,
404,
356,
388,
380,
436,
468,
504,
516,
528,
484,
472,
424,
396,
392,
376,
488,
448,
576,
508,
548,
464,
464,
472,
396,
448,
452,
516,
476,
464,
440,
452,
508,
448,
424,
396,
380,
348,
348,
336,
324,
360,
404,
456,
476,
508,
448,
404,
372,
360,
364,
364,
388,
428,
516,
540,
532,
520,
584,
488,
524,
488,
388,
384,
316,
280,
264,
400,
444,
460,
476,
508,
624,
652,
732,
664,
628,
608,
552,
524,
476,
464,
412,
440,
412,
460,
484,
500,
592,
636,
668,
676,
616,
508,
444,
396,
396,
356,
408,
492,
576,
604,
576,
628,
628,
628,
608,
548,
556,
564,
556,
520,
580,
528,
564,
592,
632,
644,
660,
620,
540,
628,
592,
556,
520,
516,
592,
652,
692,
684,
684,
656,
584,
504,
520,
504,
524,
492,
492,
480,
492,
540,
560,
572,
560,
576,
624,
600,
584,
556,
508,
496,
516,
496,
468,
452,
416,
440,
388,
488,
544,
476,
544,
524,
532,
432,
564,
520,
528,
536,
468,
484,
416,
484,
456,
544,
568,
588,
616,
612,
596,
504,
524,
468,
484,
472,
456,
484,
484,
516,
512,
528,
484,
544,
572,
584,
600,
572,
624,
668,
716,
640,
668,
636,
628,
592,
572,
536,
512,
556,
556,
564,
628,
564,
664,
620,
668,
592,
600,
512,
508,
540,
516,
548,
520,
584,
580,
572,
592,
580,
680,
640,
680,
620,
604,
632,
620,
636,
580,
604,
608,
660,
612,
640,
588,
588,
644,
588,
556,
544,
512,
540,
528,
520,
548,
572,
604,
576,
584,
544,
596,
564,
692,
688,
720,
652,
776,
704,
756,
680,
660,
652,
692,
700,
648,
644,
644,
688,
668,
672,
692,
644,
660,
604,
616,
708,
736,
748,
764,
756,
764,
764,
788,
804,
768,
732,
740,
644,
636,
612,
532,
540,
536,
576,
620,
688,
708,
696,
668,
676,
584,
540,
556,
604,
596,
580,
676,
636,
768,
668,
692,
672,
736,
712,
712,
708,
640,
716,
636,
648,
632,
648,
664,
644,
596,
520,
516,
540,
580,
596,
600,
640,
596,
664,
668,
640,
652,
672,
740,
796,
820,
752,
736,
660,
592,
548,
548,
520,
528,
532,
608,
660,
672,
784,
756,
796,
744,
852,
808,
788,
688,
636,
652,
552,
660,
644,
704,
700,
752,
712,
732,
708,
644,
660,
624,
644,
636,
672,
616,
604,
640,
752,
800,
804,
768,
772,
808,
752,
696,
668,
656,
668,
628,
628,
688,
768,
744,
756,
696,
704,
684,
592,
640,
616,
692,
680,
676,
700,
676,
680,
652,
716,
692,
724,
712,
692,
756,
744,
720,
752,
872,
804,
808,
796,
832,
788,
700,
660,
644,
696,
684,
668,
696,
720,
704,
704,
712,
716,
728,
720,
696,
724,
736,
764,
832,
868,
820,
776,
664,
744,
748,
724,
796,
776,
820,
760,
812,
756,
740,
748,
720,
784,
736,
760,
644,
656,
644,
580,
528,
608,
700,
688,
788,
772,
824,
800,
812,
764,
768,
756,
796,
840,
884,
884,
848,
860,
888,
816,
804,
848,
868,
804,
820,
800,
800,
808,
780,
788,
808,
780,
788,
780,
884,
824,
856,
796,
816,
732,
776,
744,
748,
768,
744,
796,
756,
788,
756,
824,
852,
852,
860,
824,
916,
896,
944,
948,
952,
908,
876,
844,
764,
788,
788,
768,
792,
808,
840,
852,
876,
840,
820,
820,
832,
808,
792,
720,
736,
748,
808,
784,
848,
772,
884,
888,
864,
740,
828,
804,
844,
808,
812,
816,
852,
832,
808,
728,
716,
740,
756,
764,
820,
864,
900,
848,
840,
836,
880,
896,
836,
836,
792,
788,
792,
840,
828,
812,
860,
868,
860,
852,
876,
884,
872,
888,
952,
944,
948,
844,
796,
824,
808,
788,
808,
840,
856,
852,
948,
872,
1004,
928,
976,
960,
972,
984,
972,
956,
908,
924,
864,
832,
772,
792,
800,
788,
784,
792,
852,
856,
876,
884,
864,
888,
852,
840,
824,
856,
888,
852,
856,
836,
820,
836,
888,
880,
888,
904,
888,
896,
936,
896,
900,
940,
892,
940,
848,
856,
732,
820,
796,
796,
788,
788,
876,
808,
884,
820,
884,
868,
856,
808,
836,
880,
860,
892,
888,
964,
952,
1008,
1016,
988,
1004,
952,
980,
872,
868,
784,
784,
748,
780,
844,
828,
832,
864,
952,
984,
1044,
1004,
1024,
1048,
1008,
960,
896,
928,
844,
836,
824,
820,
832,
844,
864,
844,
912,
896,
932,
936,
956,
932,
912,
868,
828,
848,
804,
828,
836,
860,
932,
904,
952,
936,
976,
960,
932,
956,
928,
912,
864,
848,
812,
784,
804,
804,
796,
848,
912,
924,
984,
936,
908,
872,
920,
952,
976,
1076,
1016,
1080,
992,
1080,
996,
940,
876,
884,
896,
888,
968,
912,
920,
912,
956,
964,
936,
956,
932,
956,
892,
880,
880,
904,
924,
900,
956,
952,
928,
916,
892,
860,
856,
876,
836,
852,
828,
832,
804,
808,
872,
924,
936,
880,
884,
908,
936,
920,
940,
984,
888,
912,
816,
828,
776,
872,
872,
940,
960,
928,
912,
856,
872,
848,
820,
840,
860,
928,
900,
928,
924,
1008,
996,
988,
960,
940,
1004,
936,
932,
1040,
1108,
1092,
1088,
1096,
1064,
1028,
976,
1024,
988,
956,
920,
896,
956,
976,
916,
972,
972,
1040,
944,
956,
888,
872,
788,
912,
856,
884,
856,
900,
1004,
1044,
1060,
1104,
1132,
1132,
1112,
1036,
960,
928,
900,
932,
840,
868,
880,
960,
980,
980,
1016,
992,
1004,
988,
1004,
984,
992,
1028,
1044,
1024,
996,
1004,
960,
916,
872,
856,
912,
928,
976,
1032,
1116,
1092,
1092,
1100,
1116,
1144,
1056,
1084,
1012,
1064,
996,
1052,
1060,
1124,
1088,
1016,
1000,
932,
920,
876,
912,
900,
912,
976,
1000,
1020,
1000,
992,
1004,
992,
984,
1016,
992,
992,
1012,
1016,
1020,
992,
964,
940,
928,
920,
936,
936,
924,
928,
888,
908,
860,
892,
872,
932,
952,
912,
1004,
988,
1024,
928,
992,
960,
928,
848,
788,
780,
716,
760,
788,
860,
896,
964,
984,
992,
1076,
1068,
1108,
1056,
1068,
976,
956,
904,
868,
868,
868,
912,
940,
980,
1012,
1092,
1052,
1044,
1092,
1076,
1064,
1060,
1048,
968,
1004,
944,
932,
888,
924,
932,
940,
1028,
1004,
1072,
1080,
1048,
1096,
1068,
1044,
1004,
1124,
1128,
1144,
1176,
1176,
1184,
1180,
1156,
1040,
1012,
980,
988,
964,
1056,
1056,
1072,
1124,
1120,
1136,
1084,
1064,
1072,
1048,
1032,
996,
984,
972,
1008,
940,
948,
984,
1020,
1048,
1076,
1140,
1116,
1116,
1004,
1036,
1028,
956,
1044,
1012,
1024,
964,
1052,
1016,
1060,
1068,
1048,
1084,
992,
1008,
936,
968,
912,
984,
972,
1000,
988,
948,
980,
940,
952,
872,
928,
996,
1000,
1056,
1084,
1084,
1048,
1060,
1000,
1012,
1068,
1048,
1092,
1068,
1068,
1036,
1008,
1004,
1040,
1096,
1084,
1100,
1080,
1096,
1116,
1080,
1136,
1000,
1044,
988,
1028,
940,
988,
948,
988,
1024,
1088,
1148,
1084,
1068,
1044,
1032,
1056,
1000,
1068,
1064,
1104,
1048,
1092,
1136,
1196,
1208,
1164,
1220,
1204,
1216,
1156,
1156,
1128,
1156,
1128,
1068,
1060,
1012,
1036,
1048,
1072,
1044,
1064,
1076,
1120,
1072,
1068,
992,
1020,
912,
1004,
980,
1048,
1028,
1176,
1156,
1168,
1084,
1072,
1076,
1096,
1104,
1040,
1048,
1056,
1080,
984,
960,
964,
960,
1016,
960,
1012,
1020,
1044,
1092,
1116,
1168,
1184,
1224,
1192,
1180,
1104,
1060,
996,
980,
1004,
1008,
1044,
1004,
1028,
1012,
1032,
1052,
1076,
1064,
1092,
1164,
1096,
1120,
1168,
1192,
1184,
1172,
1172,
1060,
1108,
988,
1064,
1024,
1080,
1092,
1084,
1132,
1096,
1116,
1108,
1112,
1108,
1152,
1196,
1184,
1116,
1112,
1164,
1100,
1036,
1072,
1136,
1156,
1128,
1144,
1164,
1180,
1172,
1156,
1160,
1140,
1140,
1136,
1088,
1028,
1036,
1048,
1104,
1096,
1112,
1056,
1116,
1156,
1096,
1176,
1176,
1152,
1088,
1100,
1064,
1024,
916,
908,
1008,
964,
1080,
1084,
1116,
1136,
1128,
1108,
1080,
1176,
1132,
1128,
1024,
1068,
1044,
1060,
1060,
1028,
1016,
1000,
1052,
1092,
1132,
1152,
1236,
1192,
1180,
1156,
1132,
1148,
1188,
1188,
1104,
1100,
1036,
1072,
1124,
1092,
1104,
1128,
1172,
1096,
1072,
1052,
1040,
1020,
1060,
1092,
1052,
1060,
1068,
1056,
1036,
1076,
1128,
1140,
1132,
1084,
1124,
1116,
1140,
1128,
1212,
1216,
1220,
1140,
1124,
1144,
1124,
1080,
1096,
1080,
1096,
1128,
1112,
1092,
1088,
1056,
1036,
1100,
1116,
1092,
1108,
1168,
1144,
1136,
1132,
1164,
1208,
1108,
1136,
1076,
1108,
1036,
1092,
1044,
1000,
1000,
968,
1008,
976,
1000,
964,
992,
992,
996,
968,
1020,
1084,
1068,
1032,
1108,
1260,
1116,
992,
1116,
1332,
1284,
1124,
1272,
1448,
1436,
1220,
1200,
1384,
1368,
1140,
1032,
1156,
1192,
1064,
916,
984,
1172,
1112,
1044,
1076,
1160,
1208,
1108,
1188,
1172,
1312,
1168,
1132,
1072,
1176,
1140,
1076,
1136,
1192,
1312,
1208,
1176,
1276,
1260,
1084,
976,
1192,
1292,
1160,
860,
888,
1172,
1156,
980,
876,
1076,
1116,
1032,
1020,
1140,
1156,
1020,
924,
1068,
1304,
1220,
1076,
1052,
1168,
1160,
1076,
976,
1088,
1108,
1112,
1092,
1164,
1080,
1116,
1104,
1212,
1200,
1244,
1140,
1168,
1144,
1112,
1068,
1048,
1048,
1052,
1060,
1064,
1128,
1156,
1128,
1168,
1236,
1348,
1288,
1260,
1228,
1260,
1236,
1152,
1152,
1204,
1180,
1192,
1220,
1144,
1188,
1148,
1116,
1072,
1052,
1076,
1056,
1048,
1016,
1052,
1100,
1140,
1136,
1088,
1172,
1136,
1152,
1136,
1156,
1168,
1144,
1188,
1116,
1220,
1132,
1140,
1096,
1124,
1100,
1012,
1008,
992,
1060,
1080,
1116,
1152,
1252,
1284,
1216,
1236,
1208,
1224,
1240,
1284,
1292,
1252,
1244,
1204,
1164,
1180,
1180,
1184,
1172,
1152,
1168,
1164,
1216,
1252,
1256,
1284,
1284,
1264,
1232,
1212,
1128,
1140,
1124,
1048,
1116,
1056,
1064,
1060,
1156,
1160,
1188,
1212,
1152,
1156,
1144,
1172,
1120,
1136,
1104,
1080,
1076,
1060,
1048,
1084,
1132,
1128,
1148,
1108,
1120,
1108,
1080,
1080,
1036,
1052,
1060,
1108,
1124,
1196,
1160,
1208,
1220,
1260,
1292,
1236,
1180,
1088,
1176,
1192,
1260,
1168,
1140,
1204,
1244,
1312,
1228,
1192,
1152,
1100,
1044,
1032,
1032,
1092,
1212,
1196,
1220,
1260,
1284,
1264,
1188,
1164,
1100,
1104,
1096,
1116,
1108,
1152,
1196,
1164,
1168,
1152,
1180,
1192,
1216,
1220,
1208,
1192,
1208,
1200,
1176,
1116,
1104,
1136,
1172,
1148,
1180,
1180,
1272,
1292,
1268,
1188,
1240,
1228,
1156,
1224,
1128,
1112,
1056,
1156,
1140,
1192,
1148,
1176,
1260,
1236,
1264,
1192,
1268,
1196,
1220,
1220,
1212,
1172,
1152,
1164,
1160,
1212,
1208,
1172,
1168,
1152,
1184,
1148,
1132,
1128,
1160,
1144,
1172,
1232,
1256,
1304,
1296,
1288,
1188,
1112,
1104,
1112,
1140,
1108,
1124,
1116,
1168,
1180,
1172,
1304,
1256,
1348,
1256,
1272,
1132,
1172,
1092,
1104,
1148,
1168,
1232,
1204,
1216,
1196,
1160,
1164,
1104,
1112,
1008,
1056,
996,
1024,
1088,
1108,
1136,
1144,
1160,
1144,
1236,
1248,
1252,
1248,
1316,
1296,
1260,
1244,
1208,
1200,
1164,
1212,
1204,
1192,
1176,
1176,
1116,
1116,
1144,
1212,
1160,
1280,
1288,
1308,
1264,
1364,
1296,
1304,
1248,
1184,
1144,
1144,
1124,
1068,
1068,
1080,
1128,
1152,
1124,
1200,
1208,
1220,
1160,
1148,
1136,
1164,
1180,
1204,
1260,
1288,
1320,
1276,
1240,
1164,
1116,
1120,
1136,
1160,
1208,
1200,
1156,
1108,
1152,
1120,
1124,
1148,
1172,
1208,
1296,
1288,
1352,
1376,
1364,
1368,
1272,
1304,
1188,
1224,
1048,
1020,
928,
976,
1012,
1040,
1152,
1168,
1288,
1292,
1292,
1332,
1296,
1320,
1292,
1304,
1240,
1252,
1260,
1244,
1296,
1272,
1304,
1212,
1188,
1212,
1228,
1244,
1260,
1228,
1180,
1148,
1108,
1112,
1136,
1176,
1208,
1272,
1268,
1264,
1240,
1260,
1228,
1176,
1244,
1224,
1236,
1148,
1168,
1140,
1160,
1168,
1172,
1260,
1216,
1260,
1208,
1232,
1216,
1216,
1196,
1204,
1216,
1196,
1208,
1132,
1180,
1152,
1136,
1132,
1148,
1156,
1136,
1136,
1088,
1096,
1132,
1224,
1196,
1220,
1268,
1288,
1284,
1288,
1292,
1260,
1312,
1268,
1244,
1236,
1212,
1160,
1124,
1192,
1180,
1192,
1176,
1180,
1204,
1200,
1220,
1164,
1200,
1152,
1200,
1164,
1140,
1168,
1132,
1092,
1064,
1092,
1132,
1196,
1180,
1212,
1240,
1260,
1268,
1260,
1248,
1188,
1192,
1176,
1176,
1120,
1076,
1052,
1036,
1028,
1036,
1060,
1100,
1196,
1200,
1232,
1276,
1284,
1316,
1248,
1284,
1216,
1132,
1236,
1156,
1232,
1152,
1228,
1196,
1224,
1212,
1236,
1316,
1272,
1316,
1216,
1244,
1120,
1116,
1052,
1004,
1024,
956,
1004,
980,
1112,
1164,
1276,
1320,
1276,
1232,
1236,
1304,
1252,
1248,
1248,
1240,
1316,
1288,
1288,
1288,
1268,
1188,
1176,
1124,
1176,
1184,
1124,
1172,
1160,
1164,
1140,
1112,
1164,
1116,
1220,
1176,
1296,
1248,
1320,
1256,
1252,
1284,
1208,
1184,
1112,
1200,
1236,
1232,
1248,
1236,
1276,
1252,
1308,
1268,
1272,
1228,
1244,
1228,
1232,
1268,
1220,
1288,
1300,
1388,
1412,
1396,
1368,
1396,
1336,
1288,
1300,
1336,
1296,
1256,
1248,
1188,
1152,
1092,
1140,
1132,
1228,
1148,
1220,
1256,
1280,
1136,
1224,
1200,
1240,
1144,
1152,
1216,
1260,
1256,
1188,
1096,
1060,
1060,
1008,
1044,
1084,
1024,
1092,
1064,
1088,
1080,
1140,
1144,
1188,
1220,
1256,
1292,
1220,
1204,
1108,
1092,
1112,
1064,
1028,
1012,
1004,
1008,
1012,
1116,
1244,
1344,
1448,
1420,
1384,
1388,
1324,
1252,
1188,
1160,
1208,
1100,
1188,
1164,
1336,
1308,
1376,
1340,
1364,
1348,
1316,
1328,
1256,
1284,
1248,
1208,
1160,
1144,
1180,
1196,
1200,
1236,
1304,
1304,
1324,
1256,
1228,
1280,
1152,
1040,
1076,
1156,
1076,
1060,
1184,
1288,
1272,
1316,
1340,
1284,
1236,
1280,
1252,
1140,
1172,
1152,
1176,
1136,
1156,
1244,
1164,
1200,
1240,
1340,
1324,
1308,
1228,
1196,
1272,
1240,
1300,
1244,
1276,
1256,
1264,
1204,
1204,
1180,
1100,
1096,
1032,
1120,
1224,
1288,
1344,
1324,
1316,
1240,
1244,
1200,
1204,
1200,
1224,
1204,
1240,
1196,
1180,
1148,
1112,
1108,
1148,
1220,
1164,
1196,
1256,
1284,
1244,
1208,
1248,
1244,
1308,
1280,
1284,
1320,
1320,
1300,
1228,
1284,
1256,
1284,
1232,
1168,
1080,
1020,
1004,
976,
1048,
1068,
1064,
1112,
1156,
1220,
1180,
1224,
1220,
1260,
1268,
1280,
1256,
1224,
1152,
1152,
1200,
1208,
1216,
1196,
1252,
1288,
1248,
1196,
1168,
1188,
1140,
1188,
1124,
1176,
1204,
1176,
1188,
1128,
1152,
1132,
1228,
1208,
1176,
1128,
1132,
1204,
1200,
1276,
1260,
1256,
1168,
1176,
1188,
1168,
1220,
1208,
1224,
1172,
1172,
1168,
1248,
1308,
1336,
1380,
1368,
1372,
1316,
1288,
1208,
1164,
1164,
1140,
1148,
1148,
1180,
1212,
1204,
1236,
1284,
1308,
1316,
1276,
1212,
1172,
1124,
1088,
1180,
1132,
1220,
1188,
1252,
1284,
1344,
1276,
1212,
1192,
1108,
1136,
1048,
1080,
1080,
1112,
1208,
1264,
1340,
1324,
1320,
1236,
1224,
1180,
1132,
1116,
1104,
1172,
1132,
1116,
1076,
1088,
1056,
1072,
1112,
1148,
1216,
1236,
1272,
1304,
1304,
1344,
1360,
1348,
1312,
1280,
1288,
1248,
1296,
1192,
1220,
1156,
1168,
1096,
1208,
1256,
1244,
1240,
1256,
1332,
1296,
1280,
1256,
1228,
1204,
1248,
1232,
1208,
1256,
1256,
1312,
1224,
1268,
1280,
1284,
1240,
1212,
1192,
1180,
1164,
1132,
1172,
1172,
1188,
1200,
1184,
1172,
1220,
1320,
1352,
1320,
1348,
1364,
1360,
1320,
1304,
1268,
1296,
1252,
1256,
1216,
1156,
1144,
1088,
1136,
1120,
1204,
1184,
1184,
1148,
1196,
1180,
1160,
1176,
1176,
1236,
1236,
1296,
1288,
1312,
1332,
1324,
1256,
1256,
1228,
1164,
1144,
1164,
1152,
1144,
1152,
1164,
1132,
1160,
1172,
1192,
1216,
1188,
1208,
1180,
1184,
1156,
1232,
1268,
1272,
1272,
1308,
1296,
1264,
1152,
1024,
1076,
1092,
1140,
1020,
1088,
1116,
1180,
1208,
1204,
1264,
1268,
1356,
1260,
1272,
1260,
1268,
1240,
1208,
1196,
1140,
1176,
1096,
1060,
1012,
1072,
1120,
1188,
1284,
1296,
1348,
1352,
1268,
1232,
1192,
1136,
1136,
1184,
1244,
1276,
1248,
1200,
1148,
1176,
1152,
1148,
1112,
1112,
1132,
1204,
1260,
1244,
1248,
1208,
1216,
1164,
1132,
1104,
1060,
1084,
1108,
1144,
1148,
1248,
1332,
1412,
1412,
1344,
1300,
1252,
1244,
1196,
1140,
1156,
1196,
1268,
1332,
1360,
1344,
1280,
1260,
1240,
1192,
1136,
1080,
1092,
1140,
1164,
1160,
1196,
1188,
1240,
1276,
1256,
1204,
1216,
1220,
1256,
1244,
1148,
1224,
1176,
1180,
1164,
1228,
1228,
1260,
1252,
1252,
1316,
1260,
1320,
1260,
1288,
1280,
1300,
1324,
1280,
1304,
1252,
1248,
1160,
1052,
996,
1004,
996,
1008,
1132,
1164,
1172,
1252,
1340,
1380,
1400,
1460,
1404,
1356,
1208,
1072,
920,
868,
828,
904,
1032,
1216,
1360,
1456,
1368,
1396,
1380,
1372,
1216,
1248,
1064,
1008,
924,
996,
1012,
1116,
1280,
1308,
1452,
1404,
1448,
1336,
1244,
1160,
1040,
1084,
996,
1020,
984,
1048,
1088,
1164,
1252,
1256,
1348,
1336,
1372,
1308,
1260,
1244,
1208,
1180,
1116,
1116,
1068,
1108,
1096,
1208,
1236,
1276,
1288,
1296,
1244,
1244,
1176,
1180,
1084,
1128,
1108,
1108,
1080,
1240,
1296,
1364,
1364,
1384,
1460,
1476,
1460,
1400,
1392,
1352,
1340,
1260,
1188,
1220,
1168,
1224,
1232,
1288,
1272,
1248,
1168,
1148,
1100,
1108,
1144,
1140,
1124,
1076,
1076,
1112,
1116,
1128,
1128,
1132,
1104,
1088,
1124,
1148,
1208,
1244,
1276,
1232,
1284,
1180,
1144,
1108,
1120,
1140,
1088,
1172,
1100,
1212,
1128,
1136,
1116,
1236,
1228,
1236,
1228,
1176,
1200,
1140,
1156,
1144,
1208,
1260,
1240,
1192,
1172,
1220,
1220,
1216,
1236,
1308,
1340,
1368,
1296,
1296,
1268,
1260,
1232,
1224,
1220,
1276,
1288,
1316,
1304,
1296,
1320,
1368,
1304,
1300,
1276,
1284,
1328,
1252,
1272,
1184,
1216,
1176,
1284,
1268,
1232,
1220,
1188,
1204,
1140,
1132,
1096,
1168,
1212,
1252,
1264,
1200,
1204,
1140,
1096,
1004,
996,
944,
988,
1032,
1088,
1184,
1260,
1356,
1316,
1276,
1224,
1284,
1240,
1248,
1228,
1224,
1232,
1240,
1204,
1192,
1256,
1216,
1232,
1260,
1228,
1180,
1188,
1224,
1192,
1204,
1232,
1224,
1252,
1288,
1292,
1252,
1264,
1272,
1292,
1232,
1184,
1176,
1232,
1296,
1332,
1372,
1356,
1328,
1296,
1260,
1220,
1220,
1188,
1208,
1292,
1244,
1112,
1164,
1284,
1256,
1208,
1304,
1356,
1380,
1388,
1412,
1396,
1360,
1244,
1120,
1044,
968,
1016,
1032,
1140,
1236,
1248,
1336,
1332,
1376,
1324,
1392,
1296,
1280,
1208,
1180,
1216,
1124,
1192,
1196,
1244,
1256,
1320,
1284,
1332,
1340,
1244,
1212,
1084,
1108,
1052,
1116,
1200,
1216,
1312,
1344,
1416,
1428,
1408,
1348,
1284,
1256,
1196,
1160,
1100,
1076,
1040,
1100,
1112,
1160,
1204,
1200,
1192,
1212,
1204,
1236,
1260,
1388,
1300,
1372,
1228,
1316,
1256,
1268,
1220,
1160,
1160,
1168,
1224,
1240,
1276,
1292,
1312,
1316,
1292,
1332,
1316,
1340,
1356,
1288,
1224,
1192,
1188,
1152,
1148,
1132,
1188,
1172,
1208,
1188,
1200,
1220,
1196,
1232,
1256,
1240,
1188,
1188,
1192,
1196,
1192,
1180,
1156,
1196,
1172,
1200,
1068,
1136,
1152,
1136,
1012,
1128,
1100,
1132,
1120,
1156,
1244,
1304,
1276,
1252,
1264,
1208,
1224,
1200,
1188,
1244,
1224,
1252,
1160,
1124,
1112,
1084,
1060,
1060,
1128,
1156,
1212,
1240,
1264,
1208,
1196,
1148,
1104,
1056,
1020,
1036,
1040,
1060,
1128,
1124,
1172,
1196,
1180,
1176,
1256,
1236,
1284,
1288,
1272,
1264,
1228,
1288,
1212,
1260,
1144,
1160,
1136,
1144,
1168,
1152,
1192,
1220,
1256,
1232,
1248,
1236,
1204,
1160,
1108,
1108,
1080,
1112,
1124,
1128,
1092,
1116,
1136,
1160,
1196,
1176,
1220,
1240,
1264,
1280,
1268,
1296,
1228,
1252,
1252,
1220,
1220,
1232,
1200,
1208,
1120,
1104,
1156,
1184,
1284,
1260,
1260,
1172,
1252,
1192,
1168,
1140,
1132,
1216,
1196,
1256,
1180,
1196,
1168,
1232,
1184,
1164,
1144,
1116,
1180,
1128,
1132,
1104,
1156,
1148,
1160,
1172,
1160,
1204,
1216,
1196,
1112,
1168,
1112,
1104,
1144,
1148,
1164,
1132,
1124,
1084,
1128,
1132,
1172,
1192,
1200,
1208,
1152,
1228,
1172,
1140,
1144,
1092,
1084,
1064,
1084,
1100,
1172,
1168,
1200,
1180,
1200,
1224,
1180,
1164,
1108,
1116,
1080,
1080,
1044,
1088,
1140,
1164,
1208,
1268,
1288,
1312,
1352,
1308,
1244,
1108,
1076,
1080,
1012,
1060,
1080,
1112,
1128,
1168,
1184,
1212,
1224,
1192,
1248,
1180,
1248,
1248,
1192,
1244,
1164,
1116,
1020,
1100,
1064,
1112,
1104,
1108,
1208,
1172,
1224,
1132,
1172,
1128,
1124,
1120,
1120,
1156,
1156,
1272,
1228,
1276,
1300,
1296,
1268,
1192,
1132,
1108,
1112,
1140,
1164,
1212,
1228,
1264,
1244,
1248,
1236,
1228,
1176,
1156,
1152,
1160,
1204,
1188,
1156,
1140,
1096,
1060,
1032,
1092,
1076,
1168,
1156,
1260,
1188,
1272,
1228,
1228,
1284,
1208,
1212,
1116,
1108,
1044,
1048,
1088,
1116,
1212,
1240,
1288,
1272,
1272,
1240,
1212,
1172,
1188,
1192,
1176,
1224,
1168,
1156,
1116,
1108,
1088,
1124,
1148,
1196,
1280,
1312,
1288,
1220,
1240,
1192,
1200,
1128,
1148,
1116,
1180,
1100,
1176,
1152,
1124,
1068,
1200,
1220,
1248,
1160,
1148,
1172,
1192,
1160,
1140,
1140,
1168,
1192,
1144,
1140,
1188,
1168,
1228,
1156,
1168,
1180,
1196,
1216,
1264,
1232,
1152,
1132,
1208,
1208,
1240,
1236,
1280,
1296,
1304,
1224,
1184,
1168,
1180,
1220,
1224,
1212,
1236,
1256,
1256,
1324,
1304,
1396,
1388,
1336,
1316,
1208,
1272,
1220,
1304,
1240,
1240,
1180,
1148,
1080,
1048,
1052,
988,
1052,
1048,
1076,
1104,
1148,
1184,
1164,
1180,
1152,
1148,
1092,
1108,
1132,
1084,
1124,
1152,
1160,
1168,
1200,
1156,
1124,
1128,
1080,
1076,
1016,
1004,
1020,
1052,
1108,
1120,
1084,
1076,
1064,
1108,
1108,
1048,
1116,
1112,
1180,
1140,
1200,
1116,
1092,
1080,
1100,
1148,
1140,
1244,
1236,
1308,
1284,
1288,
1244,
1212,
1196,
1232,
1264,
1188,
1212,
1236,
1272,
1256,
1224,
1208,
1220,
1252,
1212,
1152,
1124,
1200,
1136,
1124,
1148,
1172,
1176,
1164,
1212,
1200,
1288,
1220,
1196,
1176,
1124,
1128,
1076,
1132,
1092,
1092,
1084,
1100,
1144,
1144,
1168,
1136,
1184,
1144,
1204,
1168,
1196,
1192,
1236,
1260,
1220,
1216,
1220,
1248,
1232,
1252,
1232,
1220,
1240,
1236,
1256,
1236,
1208,
1164,
1156,
1156,
1160,
1176,
1152,
1164,
1172,
1240,
1292,
1332,
1332,
1344,
1300,
1228,
1212,
1132,
1128,
1112,
1032,
1152,
1132,
1152,
1084,
1256,
1276,
1212,
1244,
1276,
1256,
1108,
1268,
1460,
1492,
1184,
1024,
1140,
1236,
1176,
1000,
1104,
1160,
1208,
1144,
1236,
1296,
1184,
1076,
1116,
1324,
1340,
1184,
1092,
1188,
1276,
1124,
1020,
1060,
1204,
1164,
1152,
1164,
1176,
1148,
1076,
1080,
1192,
1164,
1112,
1040,
1220,
1176,
1240,
1148,
1240,
1140,
1132,
1040,
1088,
1128,
1092,
1120,
1144,
1236,
1240,
1220,
1264,
1268,
1284,
1236,
1300,
1252,
1200,
1084,
1024,
1096,
1132,
1176,
1164,
1172,
1216,
1232,
1224,
1224,
1148,
1092,
1140,
1156,
1140,
1184,
1192,
1156,
1192,
1204,
1276,
1264,
1284,
1272,
1344,
1256,
1272,
1244,
1220,
1132,
1236,
1116,
1128,
1036,
1056,
1096,
1176,
1220,
1204,
1224,
1232,
1240,
1172,
1108,
1096,
1056,
1140,
1124,
1172,
1184,
1244,
1256,
1272,
1308,
1272,
1244,
1232,
1268,
1244,
1184,
1260,
1260,
1224,
1244,
1252,
1204,
1132,
1140,
1096,
1068,
1096,
1064,
1004,
1072,
1104,
1116,
1056,
1100,
1168,
1076,
1112,
1044,
1156,
1100,
1156,
1132,
1156,
1124,
1160,
1144,
1060,
1108,
1028,
1024,
1048,
1124,
1184,
1272,
1256,
1228,
1216,
1224,
1220,
1136,
1060,
1080,
1060,
1100,
1076,
1108,
1160,
1216,
1236,
1272,
1276,
1280,
1260,
1188,
1076,
1020,
1032,
996,
1052,
1060,
1152,
1240,
1240,
1308,
1264,
1300,
1212,
1288,
1284,
1256,
1168,
1132,
1144,
1104,
1192,
1116,
1184,
1164,
1164,
1148,
1160,
1216,
1192,
1256,
1172,
1176,
1112,
1116,
1164,
1172,
1224,
1212,
1236,
1256,
1220,
1180,
1212,
1152,
1152,
1160,
1144,
1136,
1132,
1176,
1212,
1232,
1180,
1196,
1236,
1212,
1232,
1216,
1292,
1264,
1264,
1256,
1216,
1164,
1124,
1192,
1136,
1156,
1112,
1164,
1140,
1148,
1184,
1176,
1164,
1168,
1216,
1192,
1264,
1280,
1304,
1324,
1288,
1276,
1216,
1216,
1228,
1188,
1224,
1232,
1224,
1232,
1144,
1052,
1068,
1056,
1036,
1084,
1104,
1108,
1144,
1216,
1196,
1236,
1180,
1216,
1228,
1184,
1240,
1140,
1168,
1080,
1196,
1216,
1224,
1132,
1144,
1192,
1168,
1216,
1116,
1140,
1156,
1176,
1128,
1108,
1100,
1092,
1196,
1184,
1236,
1208,
1228,
1184,
1144,
1144,
1152,
1152,
1148,
1104,
1088,
1088,
1124,
1124,
1108,
1080,
1060,
1068,
1084,
1124,
1184,
1188,
1244,
1296,
1324,
1252,
1240,
1180,
1200,
1108,
1172,
1084,
1116,
1040,
1100,
1064,
1052,
1060,
1088,
1148,
1128,
1192,
1164,
1176,
1164,
1148,
1188,
1168,
1236,
1248,
1268,
1232,
1216,
1208,
1156,
1168,
1140,
1160,
1108,
1108,
1160,
1180,
1180,
1176,
1208,
1224,
1220,
1192,
1184,
1180,
1156,
1208,
1200,
1060,
1184,
1192,
1144,
1000,
1152,
1188,
1148,
1112,
1260,
1260,
1244,
1192,
1192,
1176,
1128,
1068,
1084,
1084,
1140,
1252,
1216,
1136,
1228,
1192,
1192,
1064,
1108,
1084,
1100,
1108,
1168,
1140,
1192,
1284,
1292,
1264,
1140,
1168,
1200,
1196,
1208,
1232,
1236,
1148,
1060,
1004,
992,
1016,
1096,
1148,
1120,
1204,
1172,
1176,
1176,
1188,
1156,
1092,
1132,
1044,
1144,
1120,
1212,
1200,
1172,
1112,
1100,
1100,
1120,
1168,
1128,
1148,
1160,
1160,
1152,
1220,
1284,
1320,
1364,
1332,
1348,
1300,
1244,
1236,
1188,
1176,
1108,
1100,
1152,
1192,
1228,
1268,
1260,
1292,
1284,
1228,
1232,
1272,
1224,
1136,
1124,
1048,
1076,
1084,
1000,
1056,
1000,
996,
940,
1096,
1124,
1188,
1220,
1200,
1252,
1180,
1200,
1140,
1176,
1136,
1160,
1088,
1040,
988,
952,
996,
932,
988,
1036,
1020,
984,
956,
1004,
1060,
1056,
1028,
1076,
1100,
1148,
1172,
1236,
1252,
1252,
1252,
1132,
1156,
1144,
1212,
1144,
1128,
1100,
1084,
1092,
1076,
1156,
1136,
1148,
1128,
1116,
1100,
1112,
1096,
1100,
1124,
1200,
1224,
1204,
1272,
1304,
1284,
1284,
1216,
1304,
1308,
1320,
1296,
1236,
1224,
1196,
1200,
1152,
1136,
1104,
1092,
1128,
1112,
1108,
1084,
1096,
1044,
1032,
988,
988,
1024,
1040,
1096,
1080,
1124,
1104,
1092,
1048,
1096,
1124,
1092,
1188,
1160,
1184,
1028,
1084,
1016,
1012,
988,
1000,
1084,
1068,
1164,
1124,
1160,
1116,
1152,
1116,
1096,
1108,
1116,
1160,
1132,
1144,
1132,
1136,
1124,
1136,
1172,
1208,
1228,
1204,
1204,
1196,
1204,
1208,
1124,
1132,
1108,
1092,
1076,
1080,
1112,
1180,
1228,
1220,
1248,
1236,
1184,
1200,
1152,
1216,
1092,
1176,
1072,
1144,
1068,
1100,
1052,
1076,
1048,
1016,
1092,
1060,
1116,
1152,
1136,
1132,
1124,
1148,
1076,
1188,
1144,
1148,
1140,
1108,
1060,
1016,
1016,
1012,
1084,
1108,
1124,
1128,
1164,
1124,
1088,
1100,
1072,
1108,
1148,
1148,
1156,
1144,
1160,
1152,
1096,
1112,
1096,
1176,
1084,
1164,
1108,
1072,
924,
1036,
1056,
1124,
1148,
1168,
1224,
1240,
1196,
1112,
1024,
972,
996,
1020,
1032,
1092,
1080,
1112,
1060,
1084,
1048,
1108,
1144,
1172,
1196,
1192,
1152,
1068,
1104,
1100,
1084,
1092,
1100,
1124,
1128,
1100,
1108,
1104,
1104,
1132,
1144,
1116,
1080,
1084,
1156,
1120,
1152,
1132,
1132,
1124,
1100,
1124,
1060,
1132,
1076,
1116,
1068,
1140,
1116,
1112,
1140,
1128,
1168,
1132,
1080,
1048,
1168,
1216,
1148,
1044,
1012,
1072,
1156,
1212,
1172,
1136,
1112,
1088,
1076,
1068,
1116,
1152,
1144,
1088,
1088,
1092,
1092,
1120,
1116,
1148,
1152,
1100,
1032,
1000,
916,
1004,
1068,
1080,
1144,
1084,
1140,
1076,
1180,
1072,
1036,
1000,
988,
1068,
1032,
1040,
1068,
1136,
1124,
1128,
1124,
1136,
1176,
1088,
1052,
968,
980,
1004,
1052,
1076,
1088,
1204,
1244,
1288,
1268,
1256,
1196,
1232,
1204,
1152,
1132,
1076,
1100,
1032,
1024,
1036,
1064,
1020,
1012,
1028,
1004,
1004,
952,
1016,
1032,
1096,
1156,
1168,
1216,
1192,
1204,
1140,
1156,
1108,
1140,
1092,
1032,
1040,
1080,
1132,
1116,
1084,
1060,
1064,
1076,
1124,
1184,
1172,
1156,
1156,
1128,
1084,
1108,
1044,
1028,
1060,
1048,
1044,
1016,
980,
976,
992,
976,
964,
988,
1040,
1092,
1012,
1036,
1032,
1080,
1088,
1044,
1108,
1044,
1068,
964,
1036,
1008,
1016,
972,
972,
1016,
980,
996,
940,
1040,
1036,
1048,
1012,
1016,
1088,
1112,
1156,
1104,
1180,
1116,
1092,
1008,
980,
1008,
1028,
1100,
1112,
1176,
1196,
1128,
1108,
1012,
996,
1016,
1124,
1120,
1092,
1108,
1068,
1124,
1100,
1112,
1092,
1028,
1008,
1020,
1144,
1044,
1132,
1040,
1100,
1000,
1052,
1036,
1024,
1044,
1004,
1004,
952,
916,
936,
968,
1004,
1004,
1088,
1084,
1116,
1080,
1080,
1080,
1032,
1032,
1012,
1116,
1044,
1092,
1128,
1112,
1084,
1072,
1080,
1080,
1060,
1012,
1004,
996,
1024,
1020,
1060,
1068,
1076,
1008,
1028,
996,
1060,
964,
1040,
1080,
1072,
1000,
1040,
1004,
1040,
1000,
1020,
1048,
1032,
1048,
996,
984,
980,
1016,
1044,
1072,
1196,
1204,
1244,
1168,
1124,
1052,
960,
956,
968,
956,
1068,
1192,
1164,
1024,
1092,
1288,
1204,
996,
1108,
1320,
1244,
1068,
1028,
1216,
1272,
1112,
1084,
1144,
1140,
1032,
828,
920,
1068,
1028,
924,
884,
1056,
1020,
1048,
988,
1112,
1192,
1164,
1068,
1028,
1100,
1084,
1128,
1132,
1180,
1248,
1236,
1192,
1192,
1152,
1060,
1012,
1020,
1036,
1036,
1032,
1056,
1076,
1048,
1020,
996,
1084,
1080,
1104,
1084,
1100,
1084,
1068,
1032,
1000,
1000,
980,
944,
952,
924,
936,
968,
916,
1020,
1020,
1080,
1028,
1148,
1180,
1188,
1128,
1156,
1256,
1228,
1280,
1168,
1192,
1152,
1112,
1040,
988,
1000,
968,
960,
900,
1000,
1004,
1040,
1076,
1172,
1280,
1332,
1400,
1384,
1292,
1204,
1156,
1084,
1044,
980,
932,
916,
912,
956,
948,
1016,
1012,
1048,
1108,
1120,
1144,
1128,
1172,
1144,
1132,
1104,
1056,
1016,
976,
880,
868,
940,
928,
972,
976,
960,
1012,
1068,
1112,
1072,
1068,
1040,
1008,
928,
872,
888,
900,
940,
948,
1020,
1036,
1040,
980,
964,
912,
928,
988,
996,
1064,
1080,
1112,
1088,
1092,
1064,
996,
1064,
1080,
1132,
1104,
1172,
1224,
1180,
1260,
1220,
1176,
1032,
1124,
1084,
1036,
960,
956,
1008,
1016,
1080,
1044,
1040,
1048,
1064,
1032,
1036,
1044,
1032,
1084,
1020,
1060,
1032,
1048,
1044,
1028,
1004,
976,
936,
888,
940,
944,
904,
964,
976,
988,
996,
1052,
1088,
1128,
1160,
1176,
1176,
1112,
1096,
1076,
1116,
1084,
1032,
1180,
1132,
1196,
1060,
1128,
1032,
1060,
1012,
960,
952,
916,
972,
956,
1056,
1128,
1108,
1096,
1072,
1076,
1028,
1060,
1036,
1028,
1044,
1080,
1096,
1080,
1128,
1064,
1084,
1036,
1044,
1044,
1048,
1084,
1104,
1100,
1052,
1064,
1064,
1044,
1008,
1024,
996,
980,
948,
956,
940,
1000,
948,
956,
940,
884,
764,
888,
892,
916,
924,
984,
1084,
1100,
1096,
1068,
1028,
1012,
1028,
952,
920,
972,
952,
1048,
940,
964,
988,
1040,
1048,
1064,
1072,
1080,
1072,
1092,
1072,
1024,
1020,
1048,
1048,
1080,
1060,
1076,
1040,
980,
988,
1040,
1080,
1068,
1072,
1048,
1092,
1004,
972,
936,
920,
940,
936,
968,
920,
1060,
1044,
1060,
996,
1012,
1016,
1032,
1124,
1108,
1188,
1160,
1140,
1112,
1076,
1028,
992,
976,
960,
988,
1008,
1020,
1048,
1116,
1132,
1124,
1124,
1196,
1208,
1204,
1128,
1148,
1080,
976,
940,
964,
948,
948,
1028,
1040,
1020,
1032,
1052,
1072,
1072,
1004,
1052,
964,
964,
900,
980,
992,
1052,
1084,
1084,
1132,
1036,
992,
908,
920,
896,
936,
980,
996,
1052,
1052,
1096,
1040,
1092,
1084,
1148,
1168,
1144,
1080,
996,
932,
872,
848,
856,
904,
936,
996,
1024,
1088,
1152,
1132,
1116,
1092,
1108,
1064,
1072,
1080,
1016,
980,
940,
952,
936,
904,
892,
912,
972,
1000,
1024,
988,
1076,
1112,
1076,
1044,
1004,
1012,
972,
992,
960,
948,
996,
1032,
1036,
1052,
1036,
1020,
984,
968,
956,
912,
912,
960,
1016,
1028,
1028,
1056,
1076,
1064,
1004,
952,
936,
932,
896,
916,
980,
924,
936,
932,
1028,
988,
960,
1036,
1012,
1068,
988,
1108,
1032,
1020,
1032,
948,
944,
824,
824,
820,
948,
996,
1012,
992,
1028,
1072,
1040,
1060,
1048,
1136,
1132,
1124,
1084,
1084,
1072,
992,
972,
948,
992,
1016,
1020,
1056,
1012,
1060,
1044,
1064,
1064,
1032,
996,
1040,
1080,
1116,
1128,
1124,
1040,
920,
904,
912,
812,
908,
916,
1000,
920,
1016,
968,
1048,
1028,
964,
984,
928,
964,
992,
1004,
996,
928,
940,
892,
940,
920,
984,
1028,
1068,
1064,
1028,
1044,
1000,
1048,
1020,
1008,
948,
940,
932,
1016,
1044,
1092,
1124,
1124,
1116,
1116,
1108,
1084,
1080,
1052,
1128,
1060,
1104,
988,
1072,
1088,
1060,
960,
1016,
1020,
1040,
1008,
1048,
1028,
1080,
1112,
1072,
1008,
932,
908,
860,
864,
896,
896,
1012,
1024,
1076,
1116,
1112,
1044,
1016,
1000,
968,
908,
920,
968,
992,
1000,
984,
912,
924,
916,
1000,
1012,
984,
1032,
1128,
1128,
1052,
1024,
1012,
1036,
920,
912,
932,
960,
920,
884,
992,
932,
976,
868,
940,
896,
892,
876,
924,
984,
972,
1020,
996,
968,
924,
932,
956,
956,
1012,
1048,
1128,
1108,
1068,
1040,
1032,
1032,
972,
912,
848,
864,
880,
832,
896,
928,
964,
992,
1016,
1016,
1068,
1080,
1112,
1020,
1048,
940,
972,
988,
980,
1036,
1000,
1012,
928,
1016,
920,
940,
880,
868,
968,
940,
996,
952,
984,
936,
964,
928,
920,
980,
980,
988,
960,
1044,
976,
980,
992,
1008,
976,
968,
992,
1016,
988,
948,
1000,
936,
912,
924,
956,
1000,
1032,
1004,
1000,
1072,
1016,
984,
980,
972,
976,
952,
1020,
980,
1020,
1040,
1064,
1120,
1112,
1124,
1124,
1176,
1132,
1136,
1076,
1080,
1068,
976,
960,
880,
932,
880,
908,
952,
964,
1020,
1052,
1052,
1012,
996,
996,
1012,
1056,
1036,
1028,
1012,
1024,
944,
880,
860,
856,
892,
880,
932,
964,
940,
932,
936,
852,
904,
916,
872,
984,
980,
1044,
996,
1060,
992,
940,
868,
828,
856,
816,
880,
864,
1016,
1048,
1040,
1012,
1004,
976,
928,
960,
912,
976,
972,
1016,
1024,
984,
960,
976,
960,
964,
920,
948,
984,
1012,
1012,
1064,
1092,
1140,
1068,
1056,
988,
940,
928,
912,
912,
920,
916,
928,
944,
1028,
924,
980,
888,
936,
868,
948,
908,
884,
928,
944,
1004,
952,
968,
960,
956,
964,
912,
876,
860,
904,
856,
916,
876,
864,
876,
856,
924,
900,
948,
952,
936,
972,
960,
980,
948,
980,
1008,
1012,
972,
948,
952,
968,
1028,
1048,
1048,
1072,
996,
1024,
856,
912,
888,
900,
760,
904,
952,
968,
916,
952,
1028,
1052,
1072,
1084,
1060,
1020,
1020,
912,
888,
968,
956,
964,
876,
884,
908,
948,
924,
916,
928,
936,
988,
972,
992,
944,
936,
928,
892,
836,
840,
916,
924,
968,
980,
984,
1004,
1028,
976,
860,
936,
940,
936,
1016,
1016,
1028,
1008,
1044,
948,
932,
836,
836,
764,
776,
792,
824,
872,
888,
968,
1008,
1016,
992,
1048,
1076,
1088,
1060,
1020,
1044,
1036,
988,
896,
876,
912,
892,
888,
936,
980,
1040,
1044,
1076,
1064,
1068,
1064,
1052,
1044,
1060,
1036,
1028,
948,
968,
908,
904,
916,
840,
916,
932,
984,
924,
1044,
1012,
1020,
1020,
1060,
1060,
964,
968,
904,
900,
840,
856,
816,
844,
840,
824,
896,
936,
1064,
1064,
1092,
1112,
1056,
1004,
940,
956,
884,
868,
848,
896,
888,
916,
956,
932,
936,
924,
864,
852,
888,
856,
828,
784,
832,
892,
876,
940,
992,
1032,
904,
836,
972,
1172,
1156,
904,
908,
1076,
1188,
984,
848,
872,
944,
852,
732,
836,
908,
852,
728,
840,
1084,
1124,
992,
972,
1100,
1164,
1064,
940,
952,
976,
940,
892,
932,
1016,
984,
940,
964,
1020,
992,
916,
896,
876,
848,
700,
724,
808,
772,
856,
868,
948,
980,
1056,
1056,
1080,
1080,
1032,
996,
896,
1028,
944,
860,
892,
1060,
1044,
960,
1048,
1080,
1096,
956,
988,
944,
940,
896,
940,
980,
896,
940,
1004,
968,
960,
972,
1012,
916,
944,
972,
964,
864,
872,
956,
924,
900,
852,
808,
740,
772,
844,
840,
948,
884,
1004,
1004,
1060,
972,
960,
884,
880,
936,
912,
968,
972,
1048,
1048,
1036,
1028,
960,
1024,
904,
884,
840,
840,
868,
940,
948,
952,
984,
940,
948,
944,
944,
888,
872,
876,
888,
932,
868,
900,
920,
956,
948,
1004,
1020,
1044,
1008,
1004,
908,
900,
808,
860,
836,
820,
732,
884,
864,
920,
932,
1008,
1052,
1036,
948,
904,
836,
840,
892,
880,
876,
928,
884,
928,
948,
964,
944,
968,
968,
1012,
992,
996,
988,
988,
996,
948,
928,
892,
816,
848,
860,
888,
880,
848,
848,
884,
876,
936,
920,
892,
968,
936,
920,
944,
964,
956,
876,
924,
840,
956,
920,
944,
916,
952,
928,
908,
920,
860,
892,
892,
904,
892,
884,
888,
884,
936,
904,
904,
852,
864,
888,
924,
936,
904,
860,
840,
812,
816,
796,
780,
864,
912,
948,
988,
980,
984,
988,
980,
940,
920,
896,
912,
892,
840,
856,
808,
892,
852,
888,
840,
808,
740,
732,
832,
804,
888,
884,
968,
964,
964,
972,
956,
1008,
980,
1048,
944,
984,
956,
936,
868,
868,
904,
908,
936,
984,
1000,
980,
1012,
960,
904,
900,
872,
876,
888,
936,
1016,
1040,
1004,
1008,
980,
936,
900,
868,
940,
912,
876,
876,
836,
892,
944,
984,
936,
948,
964,
1004,
1008,
988,
1004,
1016,
1032,
1012,
992,
900,
840,
716,
636,
668,
716,
864,
964,
1084,
1128,
1216,
1224,
1200,
1216,
1228,
1164,
968,
804,
672,
608,
600,
712,
860,
1108,
1280,
1344,
1312,
1224,
1188,
1128,
948,
816,
644,
588,
492,
640,
708,
808,
948,
1052,
1212,
1172,
1180,
1048,
1012,
924,
892,
828,
768,
740,
732,
804,
792,
876,
920,
964,
940,
896,
928,
872,
836,
772,
744,
724,
720,
744,
708,
800,
852,
952,
956,
944,
940,
912,
880,
848,
800,
760,
812,
832,
852,
952,
856,
952,
924,
956,
908,
948,
884,
900,
936,
924,
896,
808,
828,
860,
900,
960,
968,
1036,
1044,
1084,
1036,
1008,
1020,
984,
948,
908,
940,
908,
936,
904,
936,
944,
912,
892,
892,
892,
908,
948,
936,
928,
908,
940,
908,
880,
824,
844,
784,
848,
732,
848,
876,
876,
788,
904,
852,
848,
800,
800,
824,
868,
864,
884,
920,
924,
956,
980,
976,
964,
916,
892,
844,
852,
888,
912,
892,
916,
924,
948,
888,
868,
876,
824,
860,
884,
868,
872,
848,
888,
900,
908,
932,
896,
956,
944,
916,
900,
920,
840,
812,
772,
828,
864,
880,
1012,
968,
1032,
992,
1028,
960,
956,
840,
784,
764,
768,
812,
804,
784,
812,
812,
848,
868,
876,
896,
912,
880,
872,
828,
844,
856,
852,
880,
880,
908,
888,
876,
856,
868,
836,
776,
792,
800,
812,
852,
836,
840,
892,
888,
924,
1008,
1008,
1088,
980,
932,
836,
884,
820,
792,
792,
792,
920,
912,
948,
908,
952,
952,
1016,
976,
952,
944,
912,
908,
800,
788,
728,
748,
760,
776,
792,
776,
872,
892,
920,
896,
964,
932,
960,
952,
976,
992,
924,
904,
884,
884,
836,
880,
896,
904,
940,
916,
948,
860,
852,
840,
836,
844,
836,
844,
836,
904,
924,
976,
952,
924,
956,
948,
1008,
976,
1016,
988,
992,
940,
936,
924,
888,
928,
892,
852,
832,
856,
888,
892,
872,
868,
880,
868,
876,
912,
976,
1032,
1040,
1040,
1056,
1036,
968,
988,
968,
980,
988,
936,
1020,
952,
920,
824,
908,
868,
864,
824,
824,
928,
972,
1048,
988,
956,
920,
900,
888,
856,
876,
860,
884,
840,
880,
868,
892,
904,
896,
912,
896,
908,
908,
888,
920,
876,
868,
856,
844,
812,
820,
808,
836,
884,
884,
860,
852,
856,
856,
920,
968,
1008,
1100,
1028,
1076,
952,
968,
888,
956,
888,
912,
948,
912,
936,
904,
936,
920,
952,
956,
920,
944,
832,
844,
792,
828,
836,
832,
828,
832,
876,
912,
936,
900,
956,
952,
936,
936,
868,
836,
816,
852,
856,
920,
916,
984,
1016,
1020,
944,
1000,
968,
1016,
884,
984,
980,
920,
784,
864,
816,
804,
708,
756,
828,
844,
920,
956,
996,
992,
1060,
1004,
952,
992,
984,
1040,
988,
1012,
1032,
1000,
916,
860,
840,
820,
792,
760,
756,
712,
728,
768,
836,
892,
964,
944,
924,
872,
824,
800,
804,
804,
868,
864,
996,
948,
996,
956,
956,
912,
868,
892,
848,
884,
824,
896,
872,
964,
1000,
932,
924,
884,
928,
932,
936,
892,
892,
928,
912,
924,
884,
888,
920,
916,
908,
872,
844,
796,
796,
852,
832,
840,
820,
836,
900,
976,
996,
1040,
1088,
1100,
1044,
1036,
964,
888,
816,
824,
828,
748,
808,
832,
880,
820,
932,
928,
976,
1004,
992,
1068,
984,
1004,
944,
940,
932,
940,
900,
876,
868,
844,
892,
852,
872,
900,
872,
888,
892,
912,
912,
976,
992,
984,
956,
960,
876,
872,
892,
856,
856,
836,
860,
804,
844,
816,
820,
800,
792,
792,
776,
836,
764,
820,
872,
928,
956,
960,
1000,
944,
928,
920,
908,
852,
796,
880,
908,
916,
864,
860,
824,
872,
864,
868,
904,
852,
932,
964,
936,
936,
908,
876,
868,
812,
824,
856,
828,
864,
864,
832,
780,
772,
812,
864,
892,
840,
872,
872,
932,
920,
796,
784,
680,
704,
612,
760,
