2132,
2140,
2204,
2236,
2308,
2336,
2364,
2404,
2420,
2440,
2404,
2312,
2300,
2328,
2348,
2288,
2264,
2280,
2356,
2356,
2416,
2420,
2416,
2428,
2412,
2372,
2296,
2240,
2224,
2168,
2080,
2088,
2140,
2164,
2240,
2220,
2216,
2292,
2336,
2380,
2368,
2324,
2328,
2308,
2212,
2160,
2196,
2188,
2276,
2312,
2364,
2404,
2420,
2368,
2328,
2320,
2300,
2256,
2200,
2212,
2192,
2228,
2260,
2248,
2336,
2344,
2308,
2308,
2296,
2244,
2284,
2292,
2260,
2268,
2248,
2228,
2256,
2264,
2288,
2292,
2304,
2300,
2332,
2348,
2356,
2352,
2336,
2312,
2252,
2264,
2268,
2264,
2296,
2332,
2372,
2384,
2372,
2344,
2288,
2252,
2268,
2240,
2240,
2300,
2328,
2332,
2296,
2240,
2204,
2212,
2256,
2200,
2232,
2276,
2232,
2276,
2392,
2360,
2384,
2408,
2380,
2384,
2344,
2320,
2340,
2244,
2112,
2008,
2068,
2328,
2616,
2916,
3340,
3712,
4052,
4244,
4312,
4296,
4256,
4104,
3924,
3748,
3660,
3560,
3496,
3496,
3448,
3448,
3492,
3528,
3584,
3708,
3740,
3676,
3632,
3648,
3664,
3640,
3628,
3612,
3592,
3664,
3732,
3676,
3632,
3628,
3600,
3552,
3608,
3576,
3572,
3608,
3604,
3588,
3552,
3508,
3444,
3384,
3400,
3420,
3420,
3512,
3576,
3664,
3712,
3748,
3764,
3792,
3756,
3712,
3708,
3664,
3628,
3592,
3572,
3536,
3512,
3480,
3540,
3552,
3560,
3620,
3624,
3636,
3628,
3648,
3692,
3704,
3680,
3636,
3580,
3556,
3520,
3496,
3488,
3524,
3544,
3488,
3464,
3552,
3532,
3532,
3564,
3564,
3624,
3660,
3644,
3636,
3668,
3712,
3704,
3624,
3640,
3636,
3612,
3676,
3668,
3580,
3580,
3568,
3524,
3588,
3612,
3624,
3636,
3648,
3688,
3668,
3644,
3612,
3604,
3616,
3636,
3584,
3520,
3560,
3612,
3620,
3592,
3580,
3576,
3612,
3612,
3620,
3572,
3568,
3632,
3604,
3608,
3600,
3600,
3556,
3520,
3528,
3492,
3444,
3452,
3468,
3508,
3548,
3560,
3584,
3660,
3680,
3720,
3676,
3668,
3584,
3516,
3484,
3476,
3520,
3556,
3536,
3504,
3484,
3492,
3500,
3524,
3568,
3608,
3596,
3632,
3596,
3636,
3596,
3544,
3512,
3488,
3552,
3532,
3484,
3504,
3552,
3584,
3604,
3568,
3508,
3576,
3544,
3500,
3488,
3508,
3556,
3588,
3612,
3628,
3548,
3556,
3596,
3516,
3516,
3624,
3572,
3600,
3536,
3476,
3452,
3508,
3552,
3552,
3596,
3636,
3632,
3496,
3468,
3516,
3448,
3428,
3464,
3548,
3488,
3484,
3564,
3536,
3440,
3444,
3596,
3624,
3588,
3636,
3696,
3632,
3576,
3528,
3448,
3420,
3492,
3412,
3240,
3456,
3656,
3544,
3520,
3784,
3800,
3576,
3584,
3724,
3536,
3380,
3484,
3492,
3344,
3444,
3556,
3528,
3600,
3708,
3632,
3552,
3600,
3552,
3428,
3480,
3528,
3528,
3536,
3612,
3580,
3516,
3568,
3624,
3588,
3628,
3628,
3592,
3552,
3560,
3628,
3656,
3592,
3592,
3616,
3572,
3552,
3592,
3568,
3660,
3712,
3684,
3648,
3592,
3552,
3592,
3536,
3456,
3424,
3456,
3476,
3460,
3384,
3440,
3488,
3524,
3492,
3448,
3460,
3536,
3540,
3540,
3516,
3504,
3560,
3500,
3404,
3416,
3416,
3440,
3468,
3484,
3564,
3568,
3532,
3512,
3520,
3540,
3500,
3456,
3484,
3428,
3400,
3412,
3400,
3388,
3468,
3512,
3548,
3592,
3608,
3676,
3712,
3684,
3652,
3572,
3464,
3416,
3408,
3384,
3408,
3480,
3488,
3528,
3496,
3484,
3496,
3484,
3560,
3580,
3556,
3592,
3548,
3536,
3496,
3476,
3500,
3536,
3548,
3632,
3656,
3636,
3592,
3504,
3428,
3348,
3328,
3356,
3372,
3396,
3464,
3544,
3528,
3492,
3440,
3436,
3408,
3368,
3320,
3260,
3328,
3348,
3368,
3404,
3436,
3488,
3488,
3452,
3448,
3432,
3504,
3544,
3512,
3496,
3500,
3496,
3516,
3496,
3480,
3520,
3560,
3552,
3532,
3464,
3384,
3356,
3352,
3428,
3444,
3472,
3476,
3480,
3496,
3456,
3400,
3380,
3432,
3456,
3492,
3512,
3488,
3452,
3404,
3364,
3368,
3348,
3400,
3476,
3492,
3492,
3460,
3500,
3516,
3536,
3580,
3568,
3524,
3456,
3400,
3352,
3316,
3304,
3320,
3364,
3388,
3408,
3408,
3416,
3460,
3488,
3496,
3524,
3556,
3544,
3564,
3540,
3520,
3436,
3404,
3412,
3400,
3420,
3428,
3460,
3436,
3480,
3512,
3512,
3528,
3516,
3524,
3556,
3512,
3476,
3460,
3476,
3432,
3412,
3368,
3412,
3336,
3312,
3284,
3284,
3308,
3332,
3332,
3388,
3404,
3480,
3488,
3440,
3436,
3456,
3460,
3512,
3496,
3476,
3512,
3552,
3560,
3544,
3508,
3540,
3524,
3484,
3460,
3428,
3404,
3408,
3364,
3392,
3388,
3452,
3424,
3464,
3488,
3504,
3464,
3424,
3412,
3388,
3420,
3456,
3432,
3488,
3488,
3464,
3480,
3464,
3432,
3480,
3472,
3440,
3412,
3444,
3428,
3452,
3480,
3500,
3472,
3420,
3364,
3344,
3348,
3320,
3320,
3316,
3340,
3356,
3364,
3408,
3412,
3444,
3464,
3440,
3460,
3420,
3392,
3400,
3424,
3420,
3352,
3312,
3284,
3340,
3388,
3452,
3440,
3420,
3492,
3532,
3468,
3388,
3320,
3288,
3292,
3320,
3284,
3380,
3492,
3532,
3508,
3484,
3536,
3576,
3512,
3428,
3360,
3348,
3380,
3332,
3264,
3264,
3284,
3332,
3356,
3352,
3372,
3456,
3428,
3448,
3464,
3496,
3508,
3480,
3456,
3456,
3424,
3448,
3420,
3436,
3476,
3500,
3440,
3408,
3444,
3480,
3408,
3396,
3376,
3332,
3344,
3364,
3416,
3412,
3388,
3360,
3356,
3340,
3328,
3340,
3404,
3412,
3452,
3476,
3488,
3492,
3480,
3452,
3436,
3372,
3300,
3268,
3232,
3252,
3268,
3288,
3332,
3364,
3380,
3388,
3400,
3384,
3404,
3340,
3284,
3336,
3360,
3344,
3372,
3364,
3316,
3308,
3348,
3336,
3340,
3352,
3388,
3332,
3360,
3376,
3320,
3276,
3324,
3348,
3372,
3412,
3372,
3404,
3532,
3568,
3572,
3492,
3444,
3464,
3468,
3380,
3304,
3280,
3316,
3336,
3276,
3304,
3360,
3364,
3404,
3360,
3336,
3368,
3364,
3332,
3308,
3304,
3304,
3300,
3276,
3280,
3260,
3316,
3348,
3352,
3344,
3384,
3328,
3292,
3364,
3420,
3392,
3372,
3284,
3268,
3332,
3368,
3360,
3364,
3388,
3440,
3452,
3424,
3372,
3344,
3324,
3312,
3308,
3324,
3344,
3292,
3296,
3312,
3280,
3312,
3320,
3328,
3252,
3272,
3292,
3300,
3296,
3296,
3316,
3324,
3352,
3376,
3396,
3324,
3296,
3264,
3220,
3220,
3216,
3248,
3252,
3276,
3276,
3284,
3316,
3316,
3272,
3256,
3296,
3256,
3208,
3252,
3304,
3340,
3364,
3316,
3324,
3388,
3356,
3344,
3300,
3304,
3372,
3388,
3332,
3320,
3292,
3304,
3380,
3360,
3348,
3352,
3352,
3336,
3280,
3256,
3288,
3368,
3380,
3400,
3432,
3464,
3476,
3428,
3352,
3312,
3268,
3288,
3276,
3264,
3232,
3192,
3156,
3180,
3244,
3340,
3316,
3320,
3344,
3356,
3364,
3288,
3268,
3304,
3276,
3240,
3240,
3240,
3220,
3264,
3304,
3268,
3304,
3280,
3300,
3332,
3344,
3352,
3396,
3436,
3396,
3356,
3284,
3304,
3288,
3272,
3256,
3272,
3344,
3364,
3420,
3428,
3384,
3320,
3288,
3276,
3208,
3164,
3176,
3272,
3340,
3372,
3308,
3292,
3308,
3284,
3252,
3212,
3320,
3340,
3248,
3240,
3324,
3364,
3416,
3440,
3372,
3380,
3372,
3348,
3264,
3236,
3224,
3264,
3292,
3272,
3268,
3268,
3260,
3276,
3192,
3244,
3248,
3180,
3144,
3136,
3164,
3260,
3224,
3252,
3272,
3332,
3396,
3428,
3400,
3344,
3280,
3256,
3228,
3124,
3096,
3156,
3204,
3244,
3304,
3368,
3416,
3408,
3396,
3344,
3336,
3348,
3328,
3280,
3304,
3300,
3248,
3264,
3304,
3336,
3320,
3308,
3352,
3364,
3368,
3316,
3308,
3300,
3280,
3216,
3188,
3180,
3184,
3228,
3196,
3156,
3172,
3204,
3264,
3300,
3340,
3352,
3324,
3316,
3312,
3332,
3320,
3232,
3240,
3224,
3208,
3172,
3192,
3164,
3180,
3264,
3288,
3316,
3364,
3400,
3356,
3288,
3244,
3200,
3240,
3288,
3220,
3184,
3292,
3320,
3248,
3260,
3276,
3268,
3256,
3236,
3212,
3220,
3268,
3272,
3188,
3160,
3212,
3152,
3224,
3232,
3196,
3188,
3248,
3244,
3256,
3196,
3188,
3148,
3120,
3204,
3196,
3256,
3296,
3292,
3256,
3260,
3200,
3220,
3304,
3372,
3412,
3400,
3320,
3244,
3160,
3156,
3124,
3108,
3164,
3172,
3236,
3244,
3292,
3344,
3336,
3320,
3360,
3332,
3336,
3324,
3304,
3332,
3288,
3212,
3180,
3148,
3104,
3116,
3136,
3168,
3188,
3224,
3216,
3228,
3256,
3288,
3316,
3332,
3336,
3308,
3256,
3272,
3284,
3332,
3320,
3360,
3340,
3384,
3380,
3272,
3232,
3228,
3296,
3236,
3208,
3208,
3252,
3236,
3208,
3156,
3116,
3172,
3176,
3208,
3256,
3236,
3316,
3368,
3352,
3320,
3320,
3336,
3336,
3276,
3240,
3260,
3240,
3252,
3200,
3128,
3148,
3176,
3188,
3216,
3236,
3260,
3324,
3316,
3336,
3396,
3368,
3324,
3184,
3116,
3060,
3096,
3076,
3084,
3132,
3240,
3308,
3288,
3340,
3292,
3336,
3336,
3292,
3288,
3280,
3248,
3252,
3276,
3228,
3248,
3228,
3188,
3144,
3068,
3068,
3124,
3160,
3212,
3212,
3268,
3288,
3320,
3276,
3288,
3252,
3188,
3176,
3208,
3176,
3204,
3232,
3188,
3172,
3220,
3228,
3208,
3180,
3192,
3208,
3208,
3192,
3180,
3204,
3252,
3300,
3304,
3292,
3228,
3292,
3272,
3152,
3072,
3104,
3044,
3008,
3068,
3024,
3100,
3184,
3212,
3216,
3232,
3296,
3292,
3236,
3204,
3132,
3096,
3136,
3104,
3048,
3160,
3196,
3268,
3280,
3260,
3252,
3260,
3260,
3260,
3240,
3244,
3208,
3136,
3112,
3132,
3172,
3176,
3180,
3148,
3228,
3200,
3064,
3008,
3060,
3160,
3140,
3148,
3196,
3220,
3232,
3228,
3256,
3256,
3264,
3256,
3204,
3180,
3148,
3156,
3168,
3180,
3196,
3164,
3152,
3156,
3156,
3156,
3148,
3176,
3148,
3208,
3224,
3200,
3176,
3076,
3076,
3052,
3024,
3068,
3104,
3124,
3148,
3176,
3164,
3188,
3192,
3220,
3244,
3248,
3280,
3240,
3236,
3208,
3208,
3244,
3212,
3156,
3100,
3136,
3068,
3024,
3056,
3112,
3120,
3156,
3124,
3116,
3192,
3240,
3240,
3240,
3200,
3216,
3196,
3136,
3160,
3160,
3112,
3132,
3080,
3100,
3144,
3196,
3236,
3204,
3200,
3268,
3320,
3336,
3356,
3336,
3288,
3236,
3124,
3072,
3032,
3016,
3012,
3004,
3048,
3108,
3100,
3084,
3116,
3156,
3188,
3164,
3104,
3052,
3052,
3048,
3076,
3096,
3140,
3164,
3152,
3140,
3136,
3124,
3120,
3156,
3188,
3200,
3204,
3160,
3124,
3100,
3080,
3052,
3064,
3044,
3080,
3104,
3148,
3164,
3208,
3176,
3200,
3184,
3184,
3220,
3160,
3136,
3120,
3092,
3092,
3072,
3084,
3104,
3188,
3208,
3172,
3180,
3140,
3148,
3068,
3040,
3088,
3040,
3016,
3056,
3100,
3136,
3104,
3088,
3076,
3160,
3144,
3156,
3140,
3104,
3136,
3180,
3168,
3096,
3060,
3068,
3136,
3136,
3108,
3160,
3188,
3224,
3184,
3112,
3092,
3084,
3016,
3000,
3016,
3020,
2984,
2980,
3048,
3128,
3196,
3268,
3228,
3256,
3276,
3284,
3188,
3136,
3096,
3092,
3044,
3008,
3036,
3084,
3128,
3100,
3084,
3080,
3084,
3112,
3128,
3168,
3176,
3256,
3204,
3144,
3104,
3100,
3108,
3116,
3100,
3072,
3060,
3084,
3096,
3052,
3056,
3140,
3176,
3224,
3268,
3256,
3208,
3148,
3112,
3096,
3076,
3060,
3012,
3068,
3060,
3052,
3068,
3108,
3116,
3112,
3036,
3092,
3096,
3100,
3120,
3132,
3180,
3176,
3104,
3084,
3120,
3124,
3144,
3232,
3160,
3192,
3204,
3180,
3160,
3144,
3164,
3220,
3188,
3148,
3132,
3052,
3044,
3060,
2996,
3000,
3044,
3172,
3192,
3208,
3236,
3220,
3136,
3136,
3040,
2980,
3048,
3032,
2996,
3028,
3060,
3088,
3096,
3104,
3176,
3196,
3152,
3100,
3068,
3104,
3052,
3000,
2972,
2920,
2936,
3000,
3084,
3144,
3204,
3240,
3260,
3240,
3176,
3196,
3160,
3112,
3064,
3000,
2956,
2968,
2944,
2964,
3012,
3016,
3076,
3140,
3156,
3204,
3172,
3160,
3136,
3108,
3064,
3052,
3028,
3068,
3072,
3108,
3144,
3096,
3088,
3108,
3112,
3100,
3032,
3008,
2972,
2936,
2984,
3000,
3040,
3064,
3040,
3064,
3040,
3020,
3072,
3132,
3164,
3240,
3168,
3052,
3096,
3080,
3036,
2968,
2948,
3028,
3036,
3048,
3096,
3112,
3188,
3224,
3160,
3080,
3084,
3088,
3080,
3020,
2976,
3016,
3060,
3160,
3184,
3236,
3216,
3188,
3088,
3048,
3032,
3008,
2996,
3020,
3048,
3064,
3024,
3028,
3076,
3064,
3092,
3068,
2988,
2988,
3076,
3060,
3084,
3128,
3128,
3108,
3112,
3052,
3024,
3028,
2988,
2964,
2960,
2964,
2936,
2960,
3036,
3080,
3096,
3132,
3172,
3216,
3180,
3176,
3116,
3088,
3048,
2992,
2936,
2952,
2988,
3052,
3072,
3028,
3000,
3016,
3004,
3004,
3016,
3064,
3036,
3060,
3056,
3080,
3040,
3048,
3032,
2996,
3060,
3044,
2980,
3020,
3096,
3144,
3160,
3096,
3004,
3036,
3036,
3000,
3004,
2996,
3056,
3132,
3120,
3132,
3112,
3104,
3112,
3048,
2996,
3032,
3008,
3056,
2992,
2992,
3000,
3052,
3044,
3088,
3088,
3108,
3088,
3024,
2996,
3000,
2984,
3024,
3028,
3040,
3064,
3068,
3028,
2996,
3036,
3112,
3140,
3104,
3124,
3092,
3084,
3100,
3060,
3108,
3164,
3136,
3124,
3108,
3068,
3076,
3076,
3092,
3108,
3076,
3036,
3008,
3044,
3060,
3060,
3036,
3016,
2988,
2952,
3008,
2964,
2988,
3004,
3044,
2988,
2948,
2956,
2948,
2960,
2976,
2976,
3004,
2968,
2968,
2960,
3036,
3068,
3112,
3076,
3064,
3032,
2972,
2944,
2896,
2968,
3036,
3000,
3040,
3116,
3128,
3148,
3184,
3116,
3072,
3104,
3044,
3020,
2944,
2924,
3032,
2980,
2960,
3000,
3036,
3076,
3080,
3036,
3160,
3212,
3220,
3128,
3056,
2952,
2864,
2812,
2880,
2860,
2908,
3040,
3168,
3192,
3128,
3116,
3148,
3124,
2976,
2876,
2884,
2976,
2956,
2872,
2952,
3116,
3112,
3032,
3024,
3100,
3100,
3024,
2968,
2988,
3044,
2996,
2856,
2812,
2868,
2868,
2824,
2884,
2960,
2996,
2972,
2952,
3076,
3132,
3060,
3052,
3124,
3228,
3184,
3096,
3080,
3072,
3000,
2904,
2924,
2952,
2984,
2984,
2996,
3052,
3100,
3076,
3028,
3000,
2996,
2968,
2880,
2892,
2912,
2912,
2940,
2944,
3012,
3036,
3068,
3072,
3116,
3100,
3068,
3048,
2972,
2964,
2996,
3004,
3012,
2964,
2948,
2976,
2956,
2916,
2892,
2932,
3032,
3016,
2984,
3020,
3040,
3060,
3008,
2924,
2916,
2948,
2980,
3016,
2976,
2988,
3036,
3032,
3016,
3052,
3068,
3072,
3048,
3028,
3052,
3088,
3100,
2976,
2940,
2984,
2996,
3004,
2964,
2932,
2924,
3008,
2952,
2960,
3048,
3024,
2844,
2856,
2880,
2788,
2752,
2832,
2904,
2896,
2876,
2972,
3032,
3012,
3044,
3020,
2976,
3032,
3048,
2920,
2928,
3088,
3076,
2884,
3004,
3228,
3092,
2916,
3124,
3144,
2876,
2876,
2980,
2856,
2772,
2944,
3016,
3000,
3120,
3168,
3088,
3072,
3112,
2968,
2872,
2932,
2932,
2836,
2860,
2984,
3028,
3028,
3012,
2972,
2932,
2872,
2836,
2764,
2776,
2868,
2972,
3024,
3056,
3048,
3072,
3040,
2952,
2912,
2880,
2840,
2876,
2860,
2860,
2920,
2964,
3000,
3024,
3052,
3048,
3012,
2936,
2936,
2976,
2984,
2972,
2896,
2900,
2896,
2928,
2932,
3004,
3088,
3108,
3108,
3084,
3028,
2956,
2936,
2864,
2792,
2772,
2812,
2860,
2896,
2976,
2996,
3016,
2972,
2964,
2976,
3024,
3056,
3072,
3036,
3036,
3020,
2984,
2904,
2904,
2856,
2844,
2820,
2808,
2792,
2816,
2816,
2792,
2808,
2856,
2860,
2880,
2884,
2888,
2904,
2924,
2956,
2988,
2972,
2948,
2952,
2952,
2952,
2964,
2968,
2956,
3052,
3080,
3052,
2984,
2964,
2900,
2896,
2968,
2952,
3040,
3112,
3112,
3108,
3044,
3040,
3036,
2920,
2856,
2832,
2788,
2856,
2932,
2964,
3052,
3076,
3092,
3096,
3056,
3016,
2988,
2948,
2952,
2976,
3016,
3104,
3064,
3032,
3032,
2984,
2988,
2948,
2896,
2896,
2888,
2860,
2876,
2924,
3044,
3068,
3084,
3088,
3004,
2976,
2980,
2936,
2856,
2860,
2876,
2840,
2904,
2904,
2896,
2928,
2916,
2928,
2968,
2968,
2984,
2996,
2988,
2968,
2956,
2948,
2912,
2860,
2808,
2788,
2796,
2772,
2824,
2860,
2872,
2848,
2852,
2876,
2908,
2864,
2920,
2964,
2992,
3016,
3068,
3080,
2996,
2924,
2856,
2868,
2896,
2908,
2868,
2872,
2940,
2952,
2916,
2932,
2956,
2984,
2988,
2936,
2896,
2920,
2896,
2836,
2768,
2772,
2828,
2924,
2920,
2936,
2952,
2992,
3040,
2940,
2920,
2944,
2968,
2980,
2940,
2876,
2892,
2860,
2836,
2860,
2916,
2944,
2920,
2900,
2908,
2936,
2932,
2920,
2888,
2884,
2916,
2864,
2808,
2852,
2820,
2756,
2708,
2724,
2772,
2872,
2984,
3044,
3000,
2984,
2988,
2948,
2888,
2832,
2820,
2808,
2856,
2900,
2924,
2948,
2972,
2936,
2916,
2884,
2900,
2900,
2920,
2948,
2940,
2960,
2936,
2868,
2840,
2820,
2796,
2832,
2872,
2936,
2920,
2924,
2940,
2928,
2924,
2888,
2852,
2856,
2876,
2848,
2880,
2892,
2916,
2912,
2872,
2928,
2864,
2804,
2788,
2760,
2720,
2672,
2688,
2716,
2860,
2912,
2936,
2968,
2940,
2992,
3040,
2940,
2872,
2880,
2868,
2916,
2908,
2868,
2856,
2828,
2900,
2920,
2888,
2932,
2936,
2924,
2920,
2880,
2920,
2912,
2836,
2844,
2848,
2900,
2952,
2972,
3016,
3016,
3052,
2984,
2916,
2872,
2840,
2812,
2776,
2800,
2784,
2808,
2844,
2820,
2844,
2872,
2896,
2880,
2856,
2828,
2864,
2896,
2884,
2948,
2968,
2992,
3012,
2920,
2884,
2884,
2868,
2848,
2872,
2916,
2940,
2980,
2976,
2952,
2940,
2948,
2936,
2944,
2984,
2952,
2948,
2940,
2916,
2920,
2912,
2888,
2920,
2876,
2900,
2824,
2812,
2844,
2848,
2780,
2724,
2796,
2820,
2792,
2776,
2816,
2816,
2832,
2884,
2828,
2836,
2868,
2776,
2720,
2720,
2772,
2868,
2908,
2940,
2956,
2964,
3044,
2972,
2816,
2796,
2780,
2848,
2904,
2856,
2872,
2876,
2884,
2928,
2896,
2896,
2880,
2816,
2856,
2860,
2796,
2804,
2816,
2788,
2804,
2848,
2832,
2876,
2928,
2956,
2872,
2868,
2860,
2780,
2752,
2816,
2780,
2752,
2752,
2800,
2804,
2864,
2820,
2832,
2860,
2860,
2864,
2920,
2912,
2908,
2912,
2876,
2868,
2876,
2848,
2812,
2796,
2812,
2852,
2848,
2852,
2836,
2852,
2852,
2908,
2936,
2948,
2940,
2964,
2924,
2844,
2788,
2744,
2780,
2792,
2816,
2916,
2948,
2932,
2940,
2904,
2872,
2828,
2840,
2808,
2744,
2764,
2812,
2896,
2896,
2896,
2912,
2972,
3000,
2984,
2980,
2968,
2916,
2916,
2872,
2820,
2764,
2768,
2788,
2752,
2796,
2872,
2880,
2860,
2828,
2792,
2824,
2856,
2904,
2924,
2940,
2916,
2848,
2800,
2792,
2784,
2828,
2832,
2840,
2876,
2872,
2828,
2832,
2936,
2884,
2816,
2848,
2884,
2848,
2824,
2864,
2900,
2868,
2896,
2936,
2880,
2884,
2816,
2812,
2796,
2764,
2720,
2708,
2740,
2776,
2768,
2836,
2896,
2932,
2892,
2888,
2916,
2876,
2840,
2832,
2836,
2900,
2896,
2860,
2912,
3012,
2992,
2940,
2944,
2920,
2824,
2816,
2812,
2804,
2756,
2772,
2776,
2864,
2924,
2912,
2872,
2900,
3016,
2960,
2880,
2844,
2896,
2840,
2844,
2816,
2748,
2832,
2884,
2944,
2964,
2980,
3036,
3016,
2972,
2944,
2904,
2880,
2892,
2808,
2788,
2720,
2692,
2760,
2720,
2736,
2804,
2892,
2936,
2924,
2888,
2996,
2932,
2852,
2808,
2736,
2708,
2720,
2680,
2720,
2736,
2740,
2728,
2796,
2824,
2928,
2924,
2912,
2904,
2816,
2832,
2752,
2688,
2712,
2736,
2824,
2880,
2916,
2876,
2900,
2844,
2828,
2816,
2796,
2792,
2828,
2828,
2824,
2788,
2800,
2812,
2812,
2796,
2792,
2840,
2852,
2920,
2940,
2944,
2916,
2868,
2780,
2724,
2692,
2664,
2596,
2588,
2624,
2708,
2760,
2848,
2916,
2924,
2944,
2884,
2836,
2784,
2760,
2804,
2860,
2840,
2868,
2900,
2780,
2816,
2788,
2668,
2716,
2780,
2800,
2840,
2896,
2940,
3032,
3040,
2964,
2936,
2884,
2872,
2816,
2732,
2736,
2764,
2820,
2796,
2736,
2756,
2828,
2836,
2892,
2944,
2936,
2904,
2828,
2788,
2828,
2832,
2860,
2800,
2744,
2804,
2804,
2812,
2792,
2820,
2892,
2916,
2932,
2892,
2848,
2780,
2724,
2700,
2628,
2612,
2620,
2684,
2700,
2712,
2792,
2844,
2904,
2856,
2808,
2804,
2820,
2804,
2780,
2732,
2676,
2668,
2596,
2632,
2668,
2688,
2728,
2704,
2732,
2772,
2816,
2904,
2940,
2948,
2964,
2980,
2952,
2920,
2836,
2780,
2768,
2732,
2720,
2784,
2796,
2816,
2804,
2784,
2800,
2828,
2812,
2780,
2780,
2724,
2820,
2840,
2700,
2700,
2728,
2752,
2772,
2752,
2796,
2844,
2868,
2888,
2904,
2928,
2936,
2912,
2864,
2860,
2816,
2820,
2792,
2700,
2656,
2700,
2696,
2736,
2724,
2728,
2812,
2856,
2836,
2872,
2872,
2840,
2796,
2740,
2792,
2804,
2856,
2896,
2840,
2856,
2892,
2936,
2912,
2828,
2744,
2752,
2692,
2620,
2584,
2584,
2636,
2644,
2656,
2700,
2764,
2824,
2852,
2864,
2816,
2824,
2808,
2720,
2716,
2720,
2712,
2740,
2748,
2752,
2756,
2832,
2832,
2792,
2768,
2724,
2688,
2688,
2700,
2708,
2716,
2788,
2816,
2852,
2900,
2868,
2888,
2872,
2868,
2844,
2836,
2812,
2748,
2696,
2688,
2732,
2716,
2704,
2728,
2808,
2892,
2876,
2832,
2744,
2816,
2788,
2736,
2696,
2692,
2724,
2792,
2724,
2716,
2712,
2760,
2808,
2796,
2772,
2796,
2776,
2844,
2804,
2764,
2764,
2760,
2740,
2748,
2748,
2776,
2796,
2740,
2808,
2804,
2772,
2760,
2720,
2692,
2728,
2752,
2716,
2680,
2668,
2728,
2732,
2744,
2780,
2760,
2820,
2904,
2828,
2748,
2696,
2664,
2712,
2728,
2772,
2924,
2984,
2952,
2952,
2896,
2852,
2796,
2744,
2720,
2688,
2744,
2712,
2764,
2804,
2820,
2772,
2736,
2768,
2772,
2760,
2756,
2752,
2740,
2704,
2644,
2632,
2700,
2708,
2716,
2788,
2820,
2804,
2792,
2752,
2840,
2848,
2808,
2788,
2816,
2904,
2920,
2832,
2704,
2676,
2624,
2612,
2652,
2564,
2660,
2744,
2768,
2788,
2792,
2828,
2848,
2808,
2780,
2720,
2720,
2752,
2724,
2664,
2692,
2680,
2696,
2712,
2712,
2680,
2684,
2712,
2740,
2752,
2756,
2816,
2780,
2788,
2852,
2880,
2832,
2700,
2608,
2616,
2608,
2524,
2476,
2568,
2776,
2836,
2808,
2772,
2716,
2740,
2724,
2808,
2860,
2872,
2876,
2876,
2900,
2892,
2824,
2792,
2780,
2776,
2760,
2712,
2668,
2656,
2656,
2656,
2680,
2732,
2756,
2792,
2820,
2840,
2824,
2796,
2804,
2848,
2840,
2728,
2604,
2604,
2676,
2784,
2860,
2956,
3016,
3040,
3004,
2880,
2800,
2724,
2616,
2580,
2564,
2548,
2536,
2640,
2768,
2876,
2956,
3080,
3176,
3112,
2992,
2804,
2648,
2568,
2472,
2456,
2436,
2484,
2620,
2688,
2768,
2864,
2924,
2984,
2988,
2872,
2672,
2520,
2448,
2448,
2452,
2540,
2648,
2764,
2816,
2852,
2884,
2816,
2780,
2760,
2736,
2732,
2704,
2672,
2616,
2580,
2600,
2548,
2584,
2708,
2728,
2772,
2768,
2740,
2772,
2780,
2784,
2784,
2736,
2692,
2672,
2648,
2676,
2660,
2680,
2696,
2760,
2816,
2780,
2732,
2772,
2696,
2680,
2692,
2688,
2704,
2740,
2764,
2740,
2696,
2688,
2624,
2564,
2588,
2648,
2680,
2712,
2708,
2668,
2684,
2708,
2692,
2708,
2696,
2712,
2700,
2708,
2728,
2840,
2848,
2860,
2804,
2700,
2680,
2684,
2632,
2624,
2700,
2788,
2816,
2804,
2764,
2796,
2744,
2752,
2756,
2736,
2764,
2752,
2688,
2640,
2628,
2684,
2732,
2708,
2700,
2764,
2776,
2820,
2848,
2764,
2716,
2708,
2628,
2668,
2684,
2708,
2720,
2664,
2680,
2736,
2748,
2752,
2728,
2704,
2692,
2720,
2664,
2632,
2584,
2632,
2632,
2656,
2692,
2680,
2712,
2752,
2700,
2740,
2724,
2724,
2720,
2720,
2692,
2724,
2708,
2652,
2664,
2676,
2660,
2648,
2632,
2668,
2664,
2740,
2764,
2788,
2780,
2772,
2724,
2732,
2716,
2660,
2640,
2624,
2668,
2696,
2672,
2644,
2632,
2616,
2596,
2592,
2600,
2696,
2648,
2620,
2624,
2700,
2808,
2848,
2808,
2724,
2740,
2732,
2640,
2584,
2608,
2596,
2584,
2596,
2588,
2736,
2844,
2892,
2848,
2796,
2800,
2824,
2728,
2604,
2596,
2544,
2584,
2616,
2596,
2620,
2660,
2752,
2756,
2708,
2732,
2780,
2752,
2712,
2704,
2692,
2680,
2588,
2532,
2520,
2548,
2564,
2536,
2532,
2600,
2656,
2636,
2616,
2640,
2660,
2624,
2596,
2600,
2612,
2636,
2672,
2760,
2772,
2784,
2852,
2864,
2868,
2848,
2768,
2652,
2584,
2576,
2556,
2604,
2628,
2640,
2700,
2808,
2804,
2816,
2788,
2756,
2760,
2744,
2760,
2760,
2788,
2772,
2776,
2792,
2776,
2760,
2744,
2744,
2744,
2676,
2612,
2572,
2580,
2592,
2604,
2664,
2732,
2712,
2652,
2564,
2576,
2600,
2644,
2600,
2636,
2640,
2736,
2764,
2688,
2688,
2720,
2724,
2704,
2664,
2672,
2700,
2676,
2628,
2620,
2664,
2740,
2732,
2704,
2700,
2664,
2668,
2648,
2652,
2672,
2732,
2732,
2732,
2672,
2656,
2696,
2660,
2596,
2632,
2644,
2712,
2796,
2768,
2780,
2824,
2772,
2676,
2616,
2624,
2656,
2648,
2644,
2616,
2620,
2660,
2644,
2632,
2564,
2556,
2632,
2648,
2612,
2648,
2724,
2692,
2716,
2744,
2708,
2692,
2652,
2676,
2736,
2748,
2796,
2792,
2744,
2744,
2724,
2692,
2664,
2608,
2584,
2616,
2668,
2640,
2624,
2620,
2608,
2684,
2744,
2716,
2680,
2648,
2664,
2648,
2668,
2612,
2644,
2712,
2668,
2604,
2604,
2680,
2676,
2636,
2636,
2712,
2736,
2752,
2696,
2632,
2668,
2592,
2576,
2576,
2528,
2596,
2644,
2676,
2692,
2688,
2728,
2812,
2780,
2788,
2828,
2792,
2812,
2772,
2652,
2648,
2636,
2596,
2596,
2616,
2648,
2632,
2596,
2600,
2652,
2748,
2824,
2736,
2772,
2772,
2816,
2756,
2680,
2696,
2740,
2716,
2720,
2680,
2632,
2644,
2640,
2592,
2692,
2708,
2764,
2800,
2776,
2752,
2736,
2684,
2636,
2640,
2612,
2620,
2680,
2680,
2728,
2752,
2780,
2808,
2808,
2780,
2752,
2676,
2680,
2648,
2624,
2600,
2528,
2500,
2484,
2504,
2540,
2584,
2628,
2692,
2732,
2744,
2772,
2740,
2736,
2708,
2692,
2664,
2588,
2520,
2476,
2548,
2580,
2556,
2592,
2632,
2628,
2688,
2764,
2676,
2708,
2708,
2632,
2568,
2536,
2556,
2612,
2648,
2628,
2696,
2720,
2796,
2788,
2708,
2700,
2656,
2680,
2632,
2600,
2576,
2596,
2568,
2592,
2636,
2648,
2656,
2584,
2600,
2584,
2540,
2500,
2560,
2592,
2616,
2696,
2760,
2768,
2724,
2716,
2656,
2620,
2628,
2620,
2632,
2664,
2732,
2668,
2652,
2724,
2776,
2796,
2752,
2756,
2744,
2728,
2768,
2740,
2724,
2728,
2672,
2552,
2580,
2680,
2624,
2556,
2660,
2720,
2640,
2572,
2656,
2672,
2644,
2664,
2760,
2724,
2696,
2732,
2636,
2552,
2616,
2592,
2460,
2600,
2748,
2620,
2520,
2736,
2788,
2484,
2412,
2644,
2600,
2412,
2548,
2656,
2524,
2560,
2684,
2532,
2504,
2616,
2560,
2508,
2624,
2692,
2708,
2748,
2784,
2692,
2628,
2736,
2728,
2620,
2660,
2648,
2676,
2672,
2620,
2600,
2664,
2724,
2744,
2740,
2772,
2796,
2792,
2724,
2672,
2664,
2632,
2644,
2528,
2488,
2484,
2448,
2448,
2476,
2576,
2676,
2744,
2816,
2792,
2736,
2740,
2676,
2640,
2620,
2648,
2692,
2688,
2648,
2596,
2692,
2672,
2640,
2612,
2588,
2612,
2588,
2624,
2612,
2584,
2616,
2588,
2560,
2488,
2500,
2492,
2504,
2500,
2552,
2580,
2588,
2672,
2688,
2676,
2688,
2728,
2716,
2708,
2676,
2644,
2636,
2644,
2656,
2640,
2596,
2568,
2536,
2508,
2560,
2620,
2652,
2636,
2708,
2724,
2692,
2668,
2604,
2536,
2584,
2600,
2608,
2560,
2540,
2556,
2628,
2676,
2656,
2604,
2588,
2580,
2536,
2504,
2524,
2512,
2480,
2396,
2364,
2412,
2512,
2572,
2668,
2700,
2760,
2784,
2720,
2660,
2648,
2628,
2608,
2556,
2560,
2588,
2600,
2564,
2548,
2540,
2532,
2484,
2420,
2436,
2388,
2428,
2476,
2496,
2572,
2644,
2696,
2684,
2664,
2636,
2624,
2580,
2504,
2500,
2532,
2540,
2552,
2576,
2580,
2660,
2712,
2632,
2552,
2500,
2500,
2492,
2520,
2548,
2552,
2584,
2624,
2644,
2664,
2664,
2648,
2644,
2612,
2540,
2528,
2496,
2496,
2504,
2564,
2620,
2652,
2676,
2696,
2664,
2648,
2708,
2736,
2728,
2680,
2700,
2652,
2600,
2576,
2440,
2464,
2480,
2436,
2380,
2396,
2468,
2552,
2616,
2640,
2672,
2728,
2716,
2652,
2576,
2580,
2564,
2592,
2556,
2540,
2532,
2584,
2632,
2684,
2680,
2688,
2688,
2584,
2580,
2568,
2592,
2596,
2620,
2632,
2668,
2668,
2656,
2624,
2640,
2684,
2636,
2636,
2592,
2556,
2576,
2584,
2704,
2632,
2556,
2572,
2628,
2556,
2536,
2604,
2612,
2604,
2572,
2536,
2584,
2552,
2520,
2492,
2492,
2520,
2576,
2588,
2584,
2592,
2596,
2588,
2584,
2584,
2568,
2584,
2624,
2640,
2648,
2616,
2612,
2620,
2636,
2652,
2664,
2644,
2672,
2616,
2632,
2612,
2616,
2572,
2504,
2508,
2584,
2576,
2548,
2580,
2580,
2616,
2640,
2624,
2692,
2752,
2776,
2740,
2704,
2656,
2636,
2564,
2484,
2468,
2436,
2456,
2456,
2444,
2536,
2600,
2684,
2792,
2812,
2816,
2840,
2804,
2732,
2660,
2572,
2500,
2428,
2396,
2424,
2528,
2580,
2660,
2648,
2684,
2692,
2672,
2632,
2568,
2576,
2576,
2520,
2492,
2464,
2488,
2520,
2556,
2612,
2568,
2552,
2600,
2612,
2584,
2568,
2624,
2636,
2660,
2664,
2644,
2600,
2564,
2572,
2600,
2600,
2616,
2644,
2672,
2676,
2708,
2740,
2748,
2708,
2660,
2720,
2680,
2588,
2532,
2460,
2404,
2464,
2536,
2584,
2636,
2660,
2700,
2656,
2636,
2620,
2604,
2656,
2672,
2616,
2604,
2636,
2628,
2536,
2488,
2524,
2556,
2564,
2596,
2572,
2616,
2604,
2592,
2580,
2588,
2608,
2148,
2144,
2120,
2092,
2016,
1960,
1840,
1764,
1744,
1780,
1836,
1824,
1916,
2004,
2076,
2052,
2024,
2036,
1944,
1864,
1816,
1748,
1692,
1684,
1700,
1716,
1848,
1936,
2016,
2048,
2044,
2084,
2064,
1996,
1892,
1820,
1772,
1772,
1760,
1812,
1864,
1880,
1880,
1832,
1832,
1880,
1884,
1868,
1896,
1916,
1988,
1988,
1908,
1904,
1956,
1944,
1944,
1912,
1860,
1872,
1872,
1872,
1856,
1848,
1868,
1840,
1824,
1856,
1852,
1904,
1956,
1976,
2004,
2032,
2008,
1988,
1996,
1932,
1940,
1972,
1956,
1996,
2004,
1988,
1972,
1924,
1904,
1880,
1840,
1800,
1828,
1828,
1788,
1776,
1852,
1916,
1948,
1980,
2004,
2004,
2040,
2036,
2004,
1976,
1944,
1960,
1940,
1888,
1876,
1872,
1880,
1876,
1916,
1916,
1892,
1868,
1816,
1832,
1892,
1848,
1840,
1888,
1888,
1920,
2000,
1944,
1960,
1960,
1960,
1952,
1940,
1928,
1964,
2392,
4248,
7252,
10108,
12472,
14016,
14728,
14788,
14348,
13624,
12800,
12000,
11332,
10924,
10640,
10596,
10632,
10780,
10904,
10996,
11084,
11184,
11216,
11196,
11144,
11076,
11048,
10980,
10840,
10804,
10840,
10972,
11036,
11016,
11012,
10976,
10940,
10976,
10984,
11004,
11036,
10988,
10912,
10892,
10804,
10784,
10796,
10816,
10860,
10896,
10880,
10888,
10868,
10804,
10780,
10772,
10804,
10832,
10828,
10848,
10888,
10920,
10956,
10920,
10964,
10952,
10884,
10828,
10764,
10668,
10652,
10660,
10680,
10712,
10752,
10848,
10856,
10836,
10880,
10868,
10848,
10872,
10860,
10792,
10784,
10768,
10756,
10732,
10708,
10772,
10804,
10832,
10812,
10788,
10856,
10800,
10820,
10792,
10760,
10768,
10788,
10728,
10660,
10648,
10628,
10636,
10596,
10656,
10772,
10784,
10832,
10828,
10764,
10748,
10712,
10656,
10684,
10672,
10668,
10660,
10676,
10728,
10756,
10720,
10632,
10592,
10596,
10596,
10508,
10540,
10596,
10704,
10712,
10752,
10720,
10652,
10648,
10672,
10696,
10656,
10580,
10568,
10596,
10616,
10552,
10560,
10608,
10612,
10608,
10588,
10560,
10556,
10540,
10572,
10620,
10608,
10620,
10644,
10600,
10536,
10468,
10472,
10520,
10528,
10524,
10532,
10504,
10472,
10504,
10516,
10532,
10516,
10544,
10572,
10620,
10652,
10632,
10656,
10632,
10620,
10612,
10580,
10532,
10500,
10536,
10464,
10340,
10320,
10304,
10308,
10376,
10360,
10408,
10536,
10528,
10508,
10524,
10548,
10508,
10424,
10396,
10372,
10328,
10348,
10400,
10324,
10312,
10324,
10340,
10424,
10428,
10436,
10448,
10516,
10544,
10476,
10436,
10488,
10476,
10388,
10404,
10456,
10348,
10240,
10308,
10300,
10208,
10248,
10356,
10384,
10288,
10304,
10340,
10292,
10240,
10308,
10412,
10380,
10360,
10356,
10296,
10284,
10344,
10248,
10064,
10248,
10368,
10148,
10092,
10364,
10412,
10268,
10328,
10548,
10412,
10208,
10300,
10328,
10128,
10184,
10272,
10192,
10188,
10312,
10264,
10236,
10300,
10256,
10132,
10092,
10124,
10088,
10064,
10152,
10216,
10260,
10336,
10428,
10436,
10420,
10364,
10308,
10196,
10132,
10184,
10244,
10216,
10248,
10248,
10184,
10156,
10144,
10092,
10100,
10156,
10200,
10232,
10240,
10280,
10312,
10296,
10192,
10096,
10040,
10036,
9988,
9944,
10052,
10148,
10172,
10220,
10152,
10144,
10136,
10068,
10028,
10016,
10052,
10088,
10052,
10028,
10068,
10088,
10120,
10144,
10152,
10140,
10148,
10052,
9984,
9972,
9964,
9944,
9948,
9988,
9964,
9988,
10000,
9964,
9996,
10056,
10100,
10088,
10076,
10088,
10032,
10016,
9972,
9976,
9928,
9912,
9916,
9864,
9912,
9964,
10012,
10020,
10016,
9968,
9972,
9980,
9972,
10008,
10024,
10044,
10080,
10108,
10132,
10156,
10096,
10080,
10080,
10068,
10008,
9964,
9964,
9896,
9884,
9868,
9852,
9856,
9824,
9772,
9768,
9772,
9812,
9836,
9812,
9828,
9804,
9736,
9768,
9796,
9820,
9848,
9808,
9788,
9792,
9828,
9836,
9860,
9848,
9848,
9800,
9852,
9936,
9896,
9848,
9876,
9796,
9784,
9744,
9668,
9688,
9756,
9800,
9820,
9872,
9868,
9920,
9928,
9944,
9884,
9836,
9816,
9740,
9728,
9692,
9588,
9588,
9668,
9692,
9756,
9756,
9720,
9704,
9716,
9704,
9732,
9728,
9692,
9716,
9756,
9756,
9732,
9744,
9704,
9700,
9676,
9636,
9616,
9620,
9576,
9644,
9672,
9644,
9592,
9564,
9592,
9636,
9700,
9736,
9788,
9780,
9784,
9764,
9720,
9704,
9688,
9624,
9636,
9652,
9676,
9624,
9620,
9660,
9668,
9696,
9684,
9660,
9672,
9716,
9672,
9640,
9580,
9504,
9400,
9468,
9528,
9568,
9580,
9520,
9472,
9572,
9596,
9564,
9540,
9504,
9500,
9540,
9524,
9444,
9384,
9408,
9452,
9408,
9400,
9432,
9468,
9528,
9512,
9476,
9544,
9584,
9612,
9652,
9640,
9680,
9616,
9508,
9424,
9388,
9368,
9424,
9380,
9404,
9520,
9560,
9536,
9524,
9500,
9536,
9516,
9528,
9504,
9496,
9524,
9508,
9468,
9516,
9480,
9444,
9424,
9392,
9320,
9328,
9324,
9372,
9416,
9444,
9404,
9452,
9436,
9404,
9392,
9404,
9384,
9388,
9404,
9468,
9460,
9452,
9480,
9508,
9480,
9456,
9436,
9384,
9400,
9384,
9388,
9360,
9376,
9392,
9348,
9304,
9252,
9232,
9240,
9276,
9324,
9348,
9384,
9372,
9492,
9572,
9512,
9460,
9392,
9340,
9272,
9252,
9252,
9324,
9332,
9320,
9364,
9396,
9480,
9480,
9424,
9304,
9260,
9200,
9184,
9120,
9012,
9048,
9084,
9192,
9280,
9316,
9376,
9428,
9396,
9380,
9360,
9384,
9328,
9272,
9220,
9212,
9236,
9224,
9264,
9232,
9260,
9284,
9208,
9160,
9140,
9200,
9208,
9236,
9244,
9244,
9196,
9176,
9172,
9168,
9188,
9204,
9184,
9172,
9140,
9132,
9108,
9108,
9160,
9204,
9216,
9216,
9220,
9172,
9096,
9040,
9000,
9036,
9032,
9072,
9092,
9168,
9144,
9116,
9116,
9100,
9136,
9060,
9068,
9048,
9076,
9104,
9076,
9012,
9004,
8972,
8948,
8944,
8976,
9004,
9036,
9052,
9100,
9152,
9172,
9124,
9008,
8888,
8884,
9008,
9084,
9128,
9056,
9024,
9080,
9084,
9084,
9092,
9096,
9172,
9112,
9012,
8948,
8908,
8900,
8976,
8964,
8980,
9052,
9064,
9060,
9028,
8980,
9020,
9032,
9100,
9132,
9132,
9076,
8996,
8864,
8828,
8812,
8844,
8896,
8884,
8940,
8968,
8920,
8924,
8964,
9048,
9052,
9016,
8996,
8960,
8948,
8952,
8948,
8924,
8896,
8920,
8932,
8916,
8896,
8956,
8964,
9004,
9020,
9024,
8992,
8924,
8896,
8792,
8732,
8740,
8768,
8780,
8780,
8824,
8792,
8804,
8836,
8852,
8840,
8816,
8844,
8824,
8840,
8788,
8744,
8764,
8744,
8740,
8708,
8716,
8724,
8744,
8752,
8772,
8816,
8864,
8860,
8868,
8884,
8844,
8808,
8820,
8856,
8876,
8872,
8840,
8756,
8832,
8804,
8780,
8700,
8688,
8756,
8780,
8792,
8832,
8852,
8876,
8888,
8824,
8792,
8880,
8884,
8888,
8812,
8736,
8712,
8708,
8676,
8652,
8628,
8672,
8704,
8668,
8684,
8712,
8720,
8788,
8760,
8724,
8708,
8604,
8556,
8592,
8648,
8696,
8724,
8744,
8780,
8748,
8692,
8708,
8692,
8692,
8648,
8612,
8548,
8572,
8564,
8580,
8552,
8556,
8608,
8660,
8636,
8644,
8644,
8700,
8716,
8756,
8728,
8680,
8648,
8612,
8584,
8560,
8512,
8512,
8504,
8500,
8516,
8568,
8596,
8588,
8584,
8568,
8528,
8480,
8468,
8492,
8460,
8468,
8524,
8616,
8672,
8676,
8632,
8564,
8572,
8660,
8576,
8592,
8620,
8568,
8552,
8592,
8480,
8516,
8504,
8504,
8512,
8536,
8564,
8580,
8560,
8536,
8520,
8556,
8564,
8508,
8424,
8444,
8408,
8372,
8364,
8328,
8392,
8484,
8468,
8548,
8524,
8616,
8648,
8584,
8504,
8400,
8340,
8384,
8412,
8336,
8348,
8440,
8412,
8356,
8372,
8436,
8456,
8496,
8520,
8492,
8504,
8508,
8508,
8516,
8536,
8528,
8508,
8536,
8504,
8508,
8492,
8476,
8476,
8492,
8420,
8328,
8308,
8364,
8364,
8320,
8316,
8344,
8308,
8284,
8300,
8336,
8408,
8412,
8456,
8508,
8528,
8572,
8528,
8472,
8452,
8428,
8376,
8364,
8344,
8332,
8280,
8208,
8204,
8220,
8268,
8324,
8348,
8356,
8388,
8428,
8392,
8344,
8312,
8224,
8284,
8300,
8216,
8192,
8352,
8360,
8324,
8352,
8372,
8360,
8328,
8288,
8272,
8220,
8212,
8284,
8264,
8288,
8360,
8360,
8392,
8328,
8260,
8224,
8248,
8252,
8236,
8192,
8176,
8216,
8196,
8208,
8208,
8216,
8220,
8232,
8240,
8220,
8220,
8228,
8228,
8240,
8228,
8200,
8200,
8212,
8224,
8260,
8248,
8236,
8260,
8236,
8248,
8248,
8240,
8196,
8144,
8128,
8156,
8080,
8040,
8024,
8072,
8148,
8112,
8160,
8204,
8220,
8224,
8220,
8144,
8128,
8168,
8184,
8164,
8144,
8152,
8144,
8132,
8128,
8148,
8112,
8116,
8180,
8196,
8184,
8160,
8180,
8172,
8144,
8116,
8084,
8044,
8052,
8084,
8084,
8032,
8128,
8152,
8176,
8156,
8124,
8112,
8160,
8160,
8136,
8112,
8096,
8184,
8260,
8236,
8188,
8152,
8144,
8140,
8064,
8016,
7992,
8000,
8060,
8120,
8144,
8136,
8108,
8028,
7996,
7960,
8068,
8096,
8080,
8108,
8140,
8100,
8108,
8084,
8044,
8032,
7956,
7884,
7856,
7832,
7872,
7896,
7908,
7944,
8012,
8080,
8068,
8004,
8000,
7952,
7964,
7972,
8028,
7980,
8020,
8016,
8016,
7972,
7932,
7884,
7904,
7880,
7888,
7880,
7976,
8000,
8036,
8004,
8004,
7940,
7908,
7884,
7852,
7824,
7864,
7924,
7928,
7928,
7940,
7944,
7888,
7876,
7876,
7852,
7828,
7832,
7872,
7852,
7896,
7924,
7936,
7888,
7840,
7844,
7848,
7744,
7728,
7752,
7740,
7864,
7908,
7900,
7924,
7964,
7976,
7932,
7924,
7948,
7904,
7916,
7896,
7880,
7864,
7908,
7876,
7764,
7740,
7716,
7736,
7736,
7772,
7828,
7892,
7928,
7956,
7932,
7916,
7864,
7788,
7748,
7760,
7764,
7784,
7816,
7804,
7836,
7828,
7720,
7624,
7664,
7768,
7796,
7844,
7924,
7932,
7916,
7896,
7888,
7856,
7832,
7816,
7788,
7736,
7648,
7636,
7644,
7612,
7668,
7720,
7740,
7772,
7728,
7752,
7828,
7848,
7828,
7840,
7788,
7748,
7736,
7716,
7668,
7672,
7612,
7652,
7684,
7736,
7728,
7732,
7724,
7776,
7800,
7768,
7748,
7704,
7688,
7692,
7700,
7716,
7728,
7720,
7704,
7700,
7716,
7716,
7640,
7584,
7596,
7628,
7692,
7676,
7652,
7652,
7732,
7752,
7752,
7756,
7724,
7744,
7732,
7640,
7616,
7596,
7656,
7700,
7596,
7532,
7560,
7500,
7500,
7492,
7484,
7544,
7576,
7604,
7636,
7580,
7536,
7520,
7488,
7480,
7484,
7548,
7636,
7676,
7696,
7688,
7604,
7540,
7592,
7636,
7668,
7680,
7664,
7632,
7544,
7512,
7512,
7508,
7520,
7516,
7564,
7596,
7604,
7640,
7648,
7620,
7608,
7520,
7472,
7432,
7444,
7484,
7512,
7540,
7572,
7552,
7512,
7496,
7468,
7496,
7440,
7424,
7456,
7508,
7528,
7596,
7604,
7588,
7604,
7600,
7568,
7476,
7460,
7468,
7436,
7436,
7424,
7420,
7460,
7484,
7468,
7516,
7584,
7568,
7484,
7480,
7488,
7488,
7432,
7376,
7308,
7300,
7284,
7328,
7380,
7392,
7492,
7512,
7524,
7484,
7448,
7476,
7508,
7440,
7404,
7412,
7428,
7516,
7492,
7440,
7464,
7436,
7332,
7324,
7344,
7372,
7272,
7172,
7196,
7248,
7300,
7380,
7412,
7476,
7564,
7604,
7584,
7524,
7460,
7464,
7432,
7420,
7452,
7464,
7484,
7516,
7504,
7504,
7480,
7420,
7372,
7340,
7348,
7376,
7360,
7348,
7348,
7388,
7368,
7348,
7344,
7352,
7380,
7328,
7284,
7256,
7216,
7236,
7264,
7256,
7328,
7372,
7356,
7352,
7332,
7312,
7304,
7280,
7284,
7296,
7236,
7220,
7204,
7240,
7240,
7240,
7236,
7316,
7292,
7272,
7236,
7188,
7228,
7268,
7240,
7268,
7276,
7220,
7232,
7264,
7200,
7196,
7276,
7348,
7376,
7352,
7368,
7428,
7344,
7276,
7232,
7208,
7200,
7224,
7164,
7140,
7180,
7256,
7188,
7176,
7216,
7252,
7180,
7268,
7292,
7284,
7296,
7224,
7176,
7140,
7116,
7080,
7100,
7120,
7168,
7152,
7156,
7164,
7208,
7296,
7256,
7204,
7204,
7208,
7132,
7124,
7148,
7104,
7056,
7076,
7124,
7192,
7156,
7188,
7220,
7232,
7220,
7232,
7216,
7188,
7200,
7240,
7276,
7260,
7212,
7212,
7124,
7088,
7100,
7060,
7040,
7084,
7144,
7208,
7244,
7220,
7252,
7308,
7348,
7316,
7260,
7208,
7136,
7080,
7016,
7008,
7040,
7012,
6988,
6936,
6996,
7036,
7080,
7180,
7192,
7172,
7208,
7224,
7184,
7116,
7088,
7052,
7132,
7100,
7120,
7116,
7044,
7080,
7116,
7084,
7016,
6984,
7028,
7068,
7036,
7004,
7080,
7076,
7096,
7116,
7124,
7152,
7124,
7092,
7044,
6992,
6916,
6920,
6956,
7056,
7088,
7088,
7116,
7120,
7128,
7100,
6992,
6940,
7004,
7072,
7084,
7072,
7020,
7004,
7016,
7028,
7040,
6972,
6936,
6940,
6964,
6976,
6984,
6980,
6992,
6968,
7008,
6980,
6904,
6848,
6820,
6816,
6824,
6812,
6832,
6856,
6884,
6900,
6936,
6968,
7000,
7052,
7040,
6952,
6924,
6872,
6832,
6844,
6844,
6904,
6944,
7000,
7044,
7044,
7004,
6932,
6832,
6852,
6908,
6868,
6840,
6852,
6876,
6888,
6848,
6844,
6884,
6944,
6900,
6876,
6836,
6924,
6916,
6916,
6928,
6928,
7024,
7028,
6936,
6916,
6868,
6824,
6824,
6812,
6836,
6876,
6904,
6976,
6972,
6940,
6948,
6896,
6804,
6784,
6784,
6840,
6836,
6848,
6908,
6976,
6944,
6960,
6916,
6824,
6732,
6708,
6656,
6704,
6748,
6836,
6848,
6856,
6852,
6828,
6828,
6900,
6872,
6920,
6944,
6956,
6996,
6980,
6872,
6872,
6852,
6868,
6848,
6812,
6792,
6800,
6732,
6716,
6668,
6672,
6712,
6764,
6772,
6812,
6788,
6804,
6812,
6752,
6736,
6708,
6752,
6776,
6832,
6900,
6824,
6808,
6756,
6768,
6748,
6792,
6776,
6744,
6748,
6832,
6832,
6836,
6820,
6756,
6760,
6844,
6752,
6764,
6764,
6732,
6728,
6760,
6716,
6744,
6772,
6692,
6676,
6660,
6672,
6720,
6644,
6600,
6636,
6680,
6772,
6764,
6708,
6720,
6716,
6680,
6592,
6596,
6572,
6580,
6564,
6648,
6612,
6552,
6580,
6664,
6632,
6524,
6552,
6628,
6712,
6664,
6628,
6736,
6804,
6652,
6532,
6600,
6708,
6648,
6560,
6600,
6676,
6684,
6600,
6560,
6580,
6580,
6592,
6576,
6608,
6692,
6664,
6616,
6676,
6704,
6680,
6664,
6628,
6760,
6768,
6596,
6580,
6568,
6636,
6580,
6548,
6616,
6696,
6664,
6636,
6652,
6728,
6676,
6568,
6516,
6516,
6564,
6552,
6512,
6556,
6644,
6648,
6676,
6752,
6744,
6676,
6572,
6436,
6424,
6424,
6404,
6424,
6440,
6452,
6520,
6556,
6524,
6588,
6628,
6580,
6552,
6500,
6460,
6476,
6424,
6384,
6380,
6424,
6520,
6548,
6552,
6584,
6576,
6580,
6544,
6468,
6412,
6424,
6448,
6432,
6444,
6556,
6656,
6696,
6688,
6660,
6668,
6620,
6548,
6500,
6500,
6460,
6416,
6400,
6440,
6456,
6472,
6492,
6492,
6460,
6508,
6568,
6520,
6512,
6564,
6424,
6296,
6304,
6380,
6324,
6336,
6460,
6548,
6500,
6456,
6492,
6468,
6408,
6516,
6496,
6456,
6552,
6584,
6468,
6456,
6596,
6552,
6360,
6428,
6600,
6492,
6316,
6556,
6684,
6480,
6520,
6660,
6480,
6324,
6340,
6356,
6280,
6340,
6420,
6396,
6424,
6468,
6356,
6280,
6324,
6276,
6252,
6304,
6396,
6484,
6480,
6460,
6460,
6508,
6488,
6488,
6460,
6448,
6460,
6468,
6452,
6432,
6400,
6436,
6448,
6400,
6408,
6428,
6392,
6368,
6348,
6304,
6320,
6332,
6320,
6384,
6404,
6436,
6456,
6276,
6188,
6192,
6172,
6180,
6172,
6232,
6332,
6356,
6340,
6300,
6276,
6308,
6316,
6300,
6316,
6356,
6404,
6412,
6356,
6376,
6364,
6416,
6420,
6368,
6324,
6336,
6312,
6284,
6296,
6324,
6300,
6292,
6280,
6296,
6324,
6316,
6320,
6344,
6300,
6348,
6356,
6324,
6288,
6256,
6208,
6196,
6168,
6164,
6196,
6284,
6316,
6296,
6244,
6220,
6220,
6248,
6252,
6288,
6292,
6356,
6348,
6328,
6272,
6216,
6296,
6328,
6240,
6232,
6220,
6216,
6148,
6148,
6108,
6164,
6188,
6160,
6184,
6220,
6268,
6344,
6280,
6228,
6188,
6136,
6180,
6204,
6232,
6296,
6284,
6316,
6320,
6304,
6284,
6252,
6148,
6108,
6096,
6116,
6116,
6084,
6088,
6148,
6172,
6196,
6200,
6160,
6228,
6276,
6204,
6152,
6180,
6248,
6220,
6220,
6188,
6152,
6148,
6216,
6208,
6152,
6160,
6144,
6112,
6040,
5976,
5988,
6040,
6044,
6064,
6120,
6128,
6164,
6204,
6168,
6116,
6120,
6076,
6056,
6044,
6056,
6056,
6020,
6060,
6096,
6068,
6104,
6152,
6192,
6204,
6144,
6124,
6068,
6084,
6052,
6080,
6076,
6100,
6152,
6192,
6168,
6152,
6144,
6176,
6120,
6104,
6156,
6136,
6064,
6036,
6064,
6112,
6076,
6032,
6036,
6068,
6088,
6092,
6052,
6048,
6064,
6036,
6004,
6000,
6012,
6084,
6084,
6064,
6096,
6172,
6164,
6156,
6128,
6108,
6148,
6116,
6096,
6068,
6060,
6024,
6036,
5996,
6060,
6044,
5984,
5992,
6028,
6044,
6048,
6008,
5960,
5960,
5996,
6036,
6052,
6028,
6000,
6000,
5968,
5956,
5932,
5952,
5988,
5988,
5976,
5940,
5948,
5952,
5904,
5860,
5852,
5828,
5812,
5860,
5896,
5908,
5916,
5984,
6016,
6012,
6072,
6072,
6056,
6036,
5996,
5932,
5912,
5884,
5908,
5944,
5912,
5972,
5992,
6032,
6048,
6044,
6016,
5912,
5860,
5844,
5840,
5868,
5888,
5916,
5908,
5936,
5932,
5860,
5900,
5964,
5992,
6024,
5980,
5948,
5936,
5952,
5956,
5912,
5940,
5956,
5988,
5960,
5996,
5956,
5932,
5972,
5920,
5904,
5948,
5868,
5892,
5928,
5912,
5904,
5912,
5888,
5912,
5912,
5940,
5968,
5912,
5920,
5924,
5956,
5984,
5928,
5940,
5912,
5940,
5904,
5916,
5888,
5848,
5800,
5800,
5828,
5896,
5932,
5948,
5884,
5868,
5848,
5880,
5852,
5832,
5824,
5824,
5832,
5828,
5840,
5844,
5848,
5872,
5828,
5840,
5860,
5844,
5792,
5748,
5752,
5768,
5736,
5752,
5748,
5780,
5736,
5788,
5824,
5840,
5864,
5868,
5840,
5804,
5744,
5748,
5696,
5712,
5740,
5748,
5736,
5804,
5876,
5900,
5900,
5888,
5916,
5912,
5800,
5712,
5684,
5672,
5628,
5704,
5708,
5784,
5856,
5884,
5912,
5872,
5864,
5864,
5824,
5768,
5692,
5708,
5756,
5696,
5560,
5592,
5624,
5644,
5620,
5600,
5668,
5752,
5776,
5796,
5780,
5732,
5716,
5692,
5692,
5748,
5744,
5760,
5796,
5808,
5816,
5768,
5756,
5728,
5732,
5764,
5732,
5736,
5752,
5708,
5684,
5720,
5732,
5672,
5660,
5648,
5600,
5616,
5588,
5620,
5692,
5696,
5680,
5696,
5668,
5620,
5564,
5596,
5632,
5668,
5716,
5748,
5748,
5768,
5776,
5768,
5784,
5800,
5812,
5788,
5740,
5680,
5608,
5532,
5488,
5532,
5536,
5596,
5632,
5676,
5728,
5684,
5688,
5636,
5660,
5676,
5672,
5692,
5684,
5692,
5660,
5600,
5636,
5660,
5660,
5676,
5656,
5616,
5636,
5628,
5668,
5692,
5760,
5844,
5816,
5736,
5696,
5624,
5584,
5568,
5484,
5408,
5408,
5376,
5396,
5484,
5544,
5640,
5712,
5780,
5848,
5868,
5820,
5772,
5736,
5712,
5640,
5612,
5564,
5580,
5624,
5580,
5500,
5508,
5596,
5612,
5560,
5572,
5524,
5396,
5428,
5512,
5600,
5528,
5528,
5584,
5600,
5580,
5564,
5608,
5588,
5548,
5496,
5448,
5484,
5536,
5576,
5672,
5724,
5720,
5680,
5604,
5556,
5508,
5428,
5416,
5456,
5500,
5476,
5476,
5536,
5588,
5556,
5560,
5612,
5656,
5592,
5576,
5588,
5596,
5564,
5560,
5516,
5532,
5580,
5564,
5488,
5516,
5584,
5536,
5436,
5472,
5512,
5500,
5512,
5556,
5592,
5644,
5608,
5588,
5524,
5436,
5464,
5496,
5500,
5512,
5552,
5572,
5576,
5552,
5540,
5524,
5496,
5492,
5424,
5404,
5472,
5532,
5532,
5568,
5548,
5596,
5552,
5508,
5504,
5484,
5468,
5440,
5352,
5308,
5284,
5328,
5304,
5336,
5372,
5460,
5516,
5584,
5608,
5628,
5652,
5620,
5544,
5492,
5428,
5424,
5424,
5440,
5440,
5472,
5492,
5504,
5476,
5404,
5396,
5452,
5440,
5464,
5472,
5528,
5520,
5600,
5588,
5556,
5540,
5540,
5428,
5392,
5356,
5320,
5272,
5236,
5260,
5300,
5288,
5344,
5360,
5360,
5396,
5400,
5388,
5388,
5360,
5384,
5420,
5412,
5376,
5348,
5404,
5468,
5452,
5420,
5368,
5332,
5328,
5320,
5208,
5248,
5340,
5416,
5408,
5408,
5440,
5544,
5532,
5456,
5416,
5416,
5476,
5460,
5356,
5344,
5344,
5336,
5296,
5252,
5268,
5360,
5376,
5384,
5416,
5392,
5412,
5372,
5340,
5400,
5380,
5392,
5368,
5336,
5336,
5280,
5200,
5184,
5168,
5228,
5216,
5248,
5280,
5328,
5324,
5308,
5292,
5228,
5228,
5288,
5312,
5256,
5200,
5192,
5208,
5236,
5236,
5272,
5308,
5300,
5324,
5324,
5292,
5280,
5312,
5300,
5296,
5264,
5216,
5208,
5240,
5276,
5288,
5336,
5388,
5360,
5304,
5248,
5244,
5236,
5244,
5208,
5220,
5244,
5272,
5252,
5276,
5320,
5332,
5296,
5304,
5356,
5396,
5320,
5260,
5260,
5236,
5248,
5300,
5176,
5252,
5268,
5288,
5308,
5260,
5300,
5336,
5380,
5340,
5280,
5280,
5296,
5240,
5148,
5176,
5148,
5164,
5176,
5176,
5208,
5268,
5304,
5312,
5316,
5300,
5340,
5248,
5168,
5132,
5140,
5140,
5148,
5132,
5136,
5132,
5116,
5124,
5132,
5220,
5308,
5364,
5376,
5280,
5220,
5128,
5132,
5104,
5092,
5096,
5132,
5124,
5124,
5152,
5172,
5160,
5164,
5152,
5148,
5180,
5180,
5116,
5100,
5076,
5072,
5140,
5152,
5160,
5244,
5276,
5328,
5284,
5240,
5256,
5260,
5224,
5176,
5124,
5088,
5108,
5124,
5160,
5184,
5212,
5244,
5220,
5204,
5116,
5064,
5052,
4984,
4916,
4952,
5048,
5060,
5052,
5068,
5156,
5272,
5268,
5200,
5112,
5168,
5128,
5072,
5036,
5064,
5064,
5088,
5140,
5188,
5192,
5192,
5212,
5156,
5084,
5024,
5032,
5044,
5060,
5048,
5084,
5136,
5132,
5176,
5132,
5116,
5068,
5020,
5012,
5032,
5040,
5100,
5112,
5176,
5192,
5212,
5184,
5148,
5048,
5064,
5000,
4984,
4984,
4980,
5032,
5088,
4980,
4980,
4936,
4964,
5036,
5036,
5012,
5108,
5168,
5188,
5252,
5316,
5216,
5136,
5016,
4976,
4936,
4948,
4908,
4928,
4924,
4964,
4936,
4980,
5028,
5044,
5076,
5104,
5108,
5104,
5092,
5080,
5048,
5052,
5016,
4988,
5028,
5036,
4984,
4968,
4924,
4988,
5024,
4948,
4900,
4884,
4968,
5044,
5008,
4976,
5020,
4968,
4992,
5040,
4896,
4904,
4940,
4960,
4980,
4948,
4932,
4948,
4928,
4876,
4956,
5020,
5060,
5036,
5000,
5020,
4984,
4976,
4944,
4940,
4960,
5036,
5088,
5100,
5088,
5016,
4920,
4840,
4820,
4840,
4856,
4836,
4824,
4860,
4968,
5024,
4892,
4812,
4900,
5052,
5076,
5048,
5052,
5032,
5016,
5036,
5024,
5012,
5008,
4996,
5016,
5068,
5072,
5028,
4984,
4968,
4968,
5000,
4960,
4964,
4972,
4924,
4920,
4900,
4880,
4892,
4884,
4876,
4936,
4992,
5012,
5040,
5084,
5028,
4924,
4828,
4752,
4748,
4800,
4848,
4908,
4996,
5036,
5044,
5008,
4964,
4908,
4848,
4788,
4780,
4764,
4680,
4660,
4752,
4876,
4984,
5180,
5316,
5268,
5184,
4992,
4856,
4836,
4736,
4724,
4692,
4692,
4748,
4896,
4992,
5132,
5180,
5252,
5252,
5096,
4920,
4796,
4660,
4580,
4564,
4612,
4652,
4736,
4820,
4912,
5028,
5092,
5072,
5036,
5008,
4952,
4928,
4856,
4800,
4724,
4720,
4684,
4740,
4900,
4956,
4976,
5044,
5020,
4984,
4972,
4920,
4900,
4860,
4800,
4780,
4812,
4856,
4876,
4900,
4900,
4940,
5000,
4928,
4912,
4896,
4852,
4852,
4832,
4836,
4812,
4832,
4872,
4860,
4864,
4884,
4880,
4880,
4928,
4936,
4936,
4908,
4868,
4820,
4824,
4808,
4812,
4760,
4804,
4840,
4852,
4860,
4872,
4904,
4852,
4820,
4872,
4920,
4916,
4908,
4856,
4804,
4832,
4860,
4864,
4832,
4836,
4856,
4804,
4820,
4796,
4780,
4788,
4824,
4812,
4792,
4780,
4824,
4788,
4768,
4732,
4812,
4784,
4836,
4868,
4868,
4896,
4904,
4908,
4896,
4876,
4900,
4876,
4796,
4756,
4796,
4832,
4808,
4772,
4788,
4756,
4680,
4620,
4636,
4620,
4684,
4752,
4764,
4800,
4828,
4816,
4780,
4720,
4724,
4764,
4740,
4796,
4808,
4776,
4820,
4788,
4788,
4720,
4672,
4664,
4628,
4652,
4676,
4656,
4656,
4652,
4688,
4740,
4792,
4764,
4784,
4828,
4776,
4776,
4752,
4724,
4736,
4708,
4712,
4696,
4716,
4700,
4644,
4624,
4664,
4644,
4660,
4700,
4756,
4772,
4696,
4596,
4568,
4620,
4696,
4708,
4708,
4740,
4748,
4692,
4696,
4640,
4668,
4692,
4708,
4708,
4688,
4700,
4712,
4644,
4540,
4536,
4524,
4552,
4620,
4604,
4692,
4776,
4844,
4868,
4836,
4728,
4660,
4616,
4652,
4648,
4680,
4692,
4664,
4624,
4656,
4684,
4692,
4648,
4612,
4564,
4520,
4516,
4504,
4544,
4596,
4652,
4692,
4688,
4672,
4672,
4664,
4704,
4644,
4584,
4596,
4604,
4632,
4644,
4628,
4636,
4620,
4644,
4660,
4680,
4680,
4688,
4680,
4656,
4568,
4516,
4512,
4528,
4564,
4604,
4728,
4828,
4852,
4840,
4824,
4816,
4800,
4736,
4696,
4664,
4664,
4636,
4568,
4528,
4532,
4540,
4516,
4520,
4532,
4520,
4496,
4508,
4564,
4608,
4556,
4460,
4448,
4456,
4520,
4596,
4568,
4620,
4712,
4732,
4740,
4736,
4768,
4776,
4744,
4652,
4592,
4592,
4620,
4568,
4480,
4460,
4456,
4532,
4576,
4540,
4532,
4628,
4616,
4604,
4572,
4556,
4592,
4584,
4548,
4508,
4540,
4592,
4592,
4568,
4556,
4548,
4564,
4552,
4528,
4572,
4672,
4656,
4640,
4608,
4600,
4572,
4492,
4444,
4388,
4344,
4404,
4444,
4468,
4516,
4588,
4620,
4680,
4768,
4716,
4672,
4660,
4628,
4600,
4608,
4620,
4592,
4520,
4508,
4516,
4488,
4488,
4504,
4472,
4476,
4500,
4500,
4440,
4476,
4440,
4504,
4508,
4492,
4536,
4552,
4568,
4552,
4548,
4540,
4564,
4624,
4656,
4632,
4632,
4684,
4648,
4576,
4540,
4600,
4624,
4596,
4560,
4524,
4592,
4564,
4492,
4388,
4364,
4436,
4500,
4500,
4484,
4484,
4536,
4580,
4528,
4548,
4596,
4560,
4608,
4556,
4520,
4548,
4604,
4596,
4584,
4536,
4508,
4388,
4252,
4240,
4272,
4388,
4500,
4492,
4536,
4544,
4540,
4524,
4476,
4464,
4496,
4528,
4536,
4496,
4440,
4436,
4444,
4432,
4488,
4432,
4428,
4420,
4372,
4328,
4400,
4412,
4436,
4468,
4524,
4516,
4560,
4580,
4592,
4588,
4540,
4484,
4476,
4452,
4452,
4352,
4352,
4368,
4400,
4424,
4424,
4396,
4412,
4408,
4384,
4364,
4440,
4388,
4380,
4364,
4400,
4388,
4376,
4376,
4404,
4412,
4460,
4480,
4444,
4420,
4464,
4392,
4388,
4416,
4348,
4360,
4428,
4328,
4324,
4316,
4308,
4308,
4252,
4276,
4316,
4316,
4320,
4312,
4340,
4412,
4440,
4392,
4436,
4424,
4456,
4496,
4476,
4448,
4516,
4480,
4504,
4448,
4376,
4328,
4260,
4260,
4304,
4300,
4336,
4360,
4348,
4396,
4364,
4360,
4296,
4312,
4348,
4312,
4264,
4236,
4248,
4288,
4284,
4384,
4400,
4352,
4392,
4412,
4404,
4400,
4392,
4356,
4340,
4360,
4340,
4344,
4376,
4364,
4316,
4312,
4364,
4304,
4192,
4300,
4376,
4264,
4212,
4296,
4360,
4272,
4260,
4380,
4384,
4392,
4408,
4340,
4268,
4332,
4284,
4156,
4204,
4380,
4244,
4168,
4376,
4432,
4204,
4232,
4548,
4536,
4308,
4400,
4448,
4260,
4208,
4344,
4196,
4192,
4344,
4324,
4244,
4320,
4372,
4340,
4296,
4356,
4352,
4288,
4372,
4368,
4268,
4248,
4216,
4232,
4264,
4252,
4220,
4256,
4256,
4296,
4340,
4392,
4440,
4376,
4332,
4332,
4328,
4284,
4312,
4276,
4264,
4288,
4252,
4184,
4148,
4184,
4204,
4192,
4244,
4224,
4188,
4188,
4188,
4212,
4200,
4276,
4368,
4396,
4332,
4308,
4388,
4336,
4280,
4260,
4204,
4216,
4216,
4228,
4240,
4240,
4284,
4296,
4268,
4248,
4212,
4220,
4240,
4236,
4240,
4264,
4276,
4308,
4312,
4292,
4296,
4288,
4288,
4300,
4292,
4288,
4288,
4220,
4220,
4208,
4200,
4224,
4228,
4232,
4256,
4296,
4364,
4308,
4352,
4356,
4344,
4284,
4164,
4172,
4220,
4232,
4296,
4304,
4332,
4380,
4364,
4280,
4208,
4160,
4148,
4176,
4120,
4032,
4080,
4104,
4208,
4172,
4196,
4272,
4376,
4388,
4372,
4360,
4364,
4308,
4216,
4152,
4152,
4168,
4176,
4124,
4168,
4248,
4252,
4196,
4152,
4140,
4176,
4132,
4112,
4136,
4136,
4196,
4228,
4208,
4236,
4252,
4292,
4260,
4256,
4232,
4272,
4312,
4288,
4240,
4252,
4196,
4188,
4132,
4108,
4112,
4124,
4140,
4156,
4108,
4144,
4188,
4180,
4176,
4156,
4168,
4176,
4188,
4232,
4280,
4288,
4328,
4324,
4296,
4272,
4260,
4268,
4220,
4164,
4132,
4172,
4172,
4184,
4132,
4116,
4164,
4196,
4156,
4136,
4120,
4068,
4020,
4020,
3960,
4048,
4108,
4164,
4168,
4164,
4212,
4208,
4204,
4136,
4164,
4240,
4264,
4212,
4088,
4156,
4208,
4232,
4264,
4280,
4268,
4276,
4224,
4216,
4228,
4208,
4176,
4168,
4160,
4164,
4148,
4160,
4156,
4136,
4132,
4136,
4148,
4152,
4116,
4164,
4160,
4164,
4192,
4140,
4096,
4060,
4080,
4040,
3944,
4028,
4052,
4044,
4052,
4152,
4168,
4188,
4116,
4104,
4092,
4128,
4108,
4068,
4052,
4092,
4068,
4072,
4108,
4172,
4156,
4204,
4188,
4124,
4068,
4028,
4040,
4028,
4028,
4052,
4080,
4036,
4012,
3996,
3964,
3964,
4028,
4092,
4176,
4248,
4264,
4184,
4160,
4180,
4196,
4108,
4028,
4012,
3984,
4048,
4120,
4072,
4136,
4232,
4212,
4204,
4184,
4188,
4192,
4120,
4012,
3952,
3948,
3956,
3964,
3956,
4000,
4096,
4200,
4268,
4212,
4176,
4160,
4148,
4060,
4028,
4028,
4084,
4068,
4004,
4020,
4024,
4020,
4008,
4000,
3988,
3988,
3956,
3924,
3904,
4028,
4120,
4148,
4168,
4148,
4128,
4152,
4108,
4060,
4008,
4004,
4004,
4012,
4040,
4008,
4076,
4100,
4072,
4092,
4092,
4080,
4048,
3944,
3888,
3900,
3932,
4004,
4040,
3992,
3952,
3964,
3936,
3940,
3924,
3984,
3960,
3968,
4056,
4096,
4100,
4172,
4204,
4156,
4084,
4040,
4088,
4036,
3996,
3976,
4000,
3964,
3912,
3844,
3832,
3900,
3928,
3896,
3868,
3920,
3924,
3940,
3960,
3940,
4024,
4032,
4012,
4008,
3960,
3968,
3980,
3992,
4036,
4076,
4104,
4136,
4108,
4020,
4012,
3964,
3956,
3912,
3912,
3936,
4020,
4004,
4040,
4036,
4028,
3964,
3916,
3896,
3948,
3940,
3944,
3984,
4048,
4056,
4084,
4040,
4000,
3984,
4056,
4040,
3972,
3928,
3912,
3924,
3964,
3908,
3956,
3948,
3916,
3936,
3940,
3856,
3860,
3880,
3928,
3988,
3992,
3972,
3992,
3992,
3972,
3896,
3912,
3860,
3872,
3920,
3968,
4016,
4028,
4044,
4048,
4008,
4000,
4000,
4000,
4000,
4004,
3944,
3908,
3876,
3844,
3860,
3900,
3924,
3996,
3996,
4068,
4076,
4024,
3948,
3912,
3936,
3944,
3848,
3856,
3916,
3936,
3972,
3988,
3888,
3884,
3896,
3916,
3892,
3816,
3920,
4008,
4008,
3996,
3980,
3948,
3948,
3964,
3920,
3932,
3912,
3932,
3884,
3904,
3900,
3940,
3912,
3928,
3976,
3968,
3948,
3908,
3856,
3896,
3880,
3872,
3928,
3916,
3900,
3848,
3808,
3772,
3760,
3844,
3816,
3820,
3856,
3836,
3832,
3836,
3836,
3804,
3844,
3876,
3912,
3924,
3900,
3916,
3948,
3976,
3968,
3956,
3956,
3972,
3972,
3948,
3952,
3964,
3944,
3888,
3820,
3804,
3784,
3780,
3756,
3752,
3756,
3832,
3900,
3920,
3924,
3892,
3896,
3896,
3912,
3896,
3920,
3948,
3964,
3924,
3948,
3940,
3912,
3816,
3788,
3796,
3852,
3816,
3832,
3856,
3856,
3892,
3904,
3792,
3820,
3880,
3872,
3880,
3840,
3812,
3820,
3780,
3752,
3760,
3752,
3852,
3896,
3876,
3916,
3956,
3976,
4000,
3924,
3860,
3828,
3804,
3808,
3800,
3800,
3876,
3784,
3724,
3724,
3756,
3784,
3804,
3760,
3796,
3832,
3800,
3784,
3816,
3916,
3964,
3964,
3940,
3836,
3792,
3724,
3720,
3756,
3756,
3756,
3816,
3808,
3736,
3736,
3796,
3812,
3820,
3800,
3764,
3772,
3812,
3836,
3832,
3836,
3924,
3964,
3940,
3900,
3860,
3812,
3736,
3708,
3660,
3696,
3764,
3772,
3772,
3780,
3800,
3852,
3868,
3848,
3820,
3844,
3884,
3820,
3812,
3772,
3776,
3764,
3764,
3748,
3756,
3792,
3756,
3692,
3688,
3784,
3896,
3940,
3928,
3872,
3884,
3820,
3752,
3736,
3688,
3728,
3744,
3744,
3720,
3752,
3784,
3788,
3728,
3684,
3716,
3756,
3808,
3780,
3720,
3732,
3740,
3756,
3752,
3748,
3812,
3812,
3740,
3752,
3764,
3760,
3804,
3752,
3740,
3768,
3844,
3852,
3880,
3860,
3880,
3820,
3740,
3752,
3676,
3696,
3748,
3636,
3620,
3616,
3616,
3648,
3672,
3672,
3756,
3800,
3804,
3840,
3796,
3800,
3832,
3804,
3812,
3832,
3836,
3820,
3788,
3720,
3776,
3760,
3736,
3728,
3660,
3656,
3656,
3712,
3744,
3728,
3756,
3736,
3764,
3756,
3788,
3844,
3820,
3860,
3884,
3884,
3848,
3792,
3752,
3684,
3660,
3732,
3792,
3716,
3708,
3748,
3748,
3788,
3796,
3704,
3732,
3792,
3744,
3688,
3664,
3680,
3712,
3724,
3720,
3708,
3744,
3752,
3740,
3680,
3628,
3600,
3612,
3572,
3572,
3564,
3592,
3592,
3660,
3668,
3712,
3704,
3744,
3764,
3860,
3832,
3780,
3716,
3668,
3620,
3568,
3564,
3512,
3612,
3684,
3676,
3692,
3680,
3676,
3736,
3748,
3828,
3780,
3712,
3692,
3640,
3604,
3608,
3608,
3624,
3688,
3748,
3756,
3724,
3692,
3708,
3676,
3628,
3580,
3600,
3684,
3704,
3692,
3680,
3712,
3716,
3712,
3728,
3684,
3672,
3660,
3648,
3656,
3676,
3736,
3768,
3720,
3716,
3716,
3668,
3612,
3628,
3640,
3600,
3552,
3500,
3524,
3556,
3532,
3540,
3540,
3552,
3636,
3696,
3612,
3632,
3656,
3660,
3652,
3648,
3716,
3760,
3744,
3704,
3716,
3716,
3748,
3756,
3712,
3740,
3728,
3692,
3636,
3564,
3508,
3480,
3500,
3552,
3628,
3680,
3748,
3708,
3668,
3676,
3708,
3676,
3684,
3708,
3660,
3640,
3664,
3624,
3540,
3608,
3696,
3736,
3760,
3724,
3684,
3696,
3700,
3632,
3592,
3548,
3576,
3540,
3504,
3460,
3504,
3544,
3516,
3532,
3548,
3548,
3592,
3588,
3584,
3536,
3576,
3604,
3592,
3588,
3636,
3660,
3636,
3612,
3576,
3588,
3600,
3572,
3584,
3580,
3556,
3592,
3640,
3604,
3572,
3612,
3640,
3560,
3588,
3656,
3688,
3716,
3704,
3628,
3544,
3620,
3640,
3536,
3556,
3604,
3600,
3492,
3448,
3392,
3468,
3476,
3472,
3572,
3664,
3684,
3708,
3668,
3572,
3560,
3560,
3548,
3480,
3432,
3468,
3480,
3544,
3548,
3576,
3592,
3584,
3576,
3560,
3552,
3528,
3528,
3488,
3476,
3484,
3480,
3460,
3492,
3572,
3596,
3640,
3652,
3608,
3568,
3592,
3564,
3548,
3536,
3492,
3524,
3520,
3432,
3452,
3496,
3556,
3600,
3556,
3540,
3608,
3680,
3624,
3608,
3580,
3556,
3572,
3600,
3592,
3616,
3636,
3604,
3564,
3512,
3504,
3472,
3492,
3508,
3528,
3524,
3540,
3540,
3524,
3556,
3584,
3596,
3592,
3576,
3620,
3608,
3608,
3612,
3624,
3628,
3584,
3576,
3492,
3428,
3384,
3408,
3448,
3520,
3596,
3704,
3724,
3692,
3632,
3496,
3460,
3508,
3492,
3480,
3524,
3572,
3644,
3648,
3616,
3616,
3572,
3540,
3500,
3404,
3384,
3388,
3396,
3392,
3408,
3424,
3504,
3536,
3572,
3572,
3572,
3564,
3496,
3496,
3464,
3436,
3420,
3420,
3404,
3472,
3532,
3552,
3480,
3512,
3572,
3552,
3524,
3500,
3412,
3368,
3340,
3380,
3368,
3412,
3508,
3552,
3584,
3620,
3616,
3640,
3612,
3568,
3520,
3440,
3388,
3344,
3340,
3332,
3356,
3416,
3460,
3480,
3496,
3552,
3564,
3608,
3620,
3636,
3620,
3612,
3600,
3576,
3536,
3524,
3508,
3412,
3396,
3396,
3396,
3448,
3484,
3544,
3544,
3536,
3520,
3460,
3468,
3540,
3544,
3520,
3508,
3476,
3444,
3472,
3416,
3452,
3480,
3468,
3472,
3528,
3588,
3656,
3588,
3488,
3460,
3428,
3480,
3476,
3452,
3528,
3592,
3624,
3568,
3492,
3448,
3432,
3396,
3364,
3328,
3336,
3392,
3396,
3436,
3460,
3460,
3476,
3452,
3480,
3480,
3380,
3320,
3396,
3496,
3512,
3504,
3564,
3668,
3560,
3368,
3316,
3384,
3380,
3268,
3208,
3428,
3516,
3432,
3384,
3516,
3588,
3584,
3536,
3492,
3500,
3440,
3260,
3200,
3256,
3356,
3352,
3344,
3432,
3524,
3464,
3408,
3476,
3560,
3580,
3528,
3516,
3544,
3484,
3396,
3332,
3436,
3472,
3416,
3352,
3368,
3380,
3376,
3372,
3452,
3520,
3552,
3492,
3480,
3516,
3464,
3356,
3376,
3472,
3468,
3496,
3500,
3472,
3552,
3560,
3592,
3528,
3472,
3456,
3376,
3344,
3308,
3284,
3228,
3304,
3288,
3280,
3384,
3388,
3452,
3416,
3400,
3440,
3492,
3428,
3436,
3456,
3500,
3472,
3432,
3404,
3416,
3416,
3416,
3392,
3392,
3432,
3476,
3412,
3400,
3380,
3416,
3408,
3412,
3388,
3356,
3332,
3368,
3368,
3372,
3388,
3424,
3452,
3548,
3596,
3576,
3464,
3380,
3380,
3384,
3340,
3312,
3332,
3364,
3384,
3376,
3400,
3440,
3472,
3500,
3516,
3516,
3492,
3436,
3380,
3308,
3268,
3332,
3364,
3372,
3420,
3424,
3364,
3380,
3372,
3384,
3372,
3384,
3396,
3464,
3496,
3468,
3368,
3320,
3364,
3404,
3316,
3304,
3304,
3256,
3268,
3308,
3244,
3304,
3344,
3332,
3380,
3372,
3368,
3420,
3360,
3268,
3272,
3304,
3316,
3320,
3332,
3408,
3456,
3480,
3504,
3424,
3348,
3296,
3184,
3164,
3208,
3244,
3288,
3328,
3404,
3428,
3452,
3500,
3468,
3372,
3308,
3284,
3296,
3228,
3180,
3196,
3252,
3300,
3288,
3248,
3276,
3312,
3360,
3376,
3356,
3400,
3380,
3316,
3264,
3292,
3300,
3336,
3304,
3260,
3292,
3284,
3224,
3228,
3224,
3184,
3216,
3232,
3252,
3256,
3240,
3268,
3320,
3364,
3416,
3436,
3448,
3472,
3436,
3416,
3408,
3388,
3360,
3344,
3324,
3352,
3324,
3304,
3300,
3304,
3260,
3240,
3192,
3284,
3332,
3272,
3252,
3272,
3296,
3336,
3392,
3372,
3400,
3448,
3388,
3296,
3264,
3272,
3320,
3332,
3304,
3276,
3292,
3344,
3344,
3300,
3328,
3320,
3308,
3312,
3268,
3240,
3300,
3292,
3288,
3328,
3372,
3408,
3332,
3236,
3236,
3236,
3268,
3316,
3344,
3368,
3372,
3340,
3304,
3252,
3276,
3344,
3384,
3384,
3380,
3328,
3332,
3356,
3308,
3304,
3280,
3316,
3336,
3272,
3240,
3288,
3260,
3244,
3248,
3212,
3224,
3252,
3256,
3248,
3244,
3288,
3332,
3372,
3376,
3372,
3332,
3320,
3324,
3356,
3344,
3328,
3296,
3288,
3268,
3248,
3244,
3232,
3220,
3240,
3268,
3308,
3284,
3264,
3224,
3220,
3220,
3244,
3200,
3176,
3192,
3204,
3180,
3252,
3344,
3428,
3372,
3308,
3256,
3328,
3340,
3300,
3260,
3260,
3304,
3356,
3320,
3296,
3276,
3272,
3288,
3240,
3204,
3224,
3228,
3296,
3280,
3324,
3388,
3460,
3404,
3384,
3392,
3368,
3328,
3268,
3200,
3172,
3192,
3204,
3152,
3152,
3144,
3176,
3144,
3200,
3208,
3268,
3264,
3216,
3152,
3152,
3164,
3144,
3100,
3128,
3172,
3216,
3276,
3308,
3320,
3364,
3424,
3420,
3384,
3328,
3252,
3260,
3232,
3180,
3200,
3188,
3196,
3204,
3244,
3360,
3376,
3380,
3372,
3288,
3224,
3252,
3188,
3128,
3172,
3244,
3184,
3092,
3136,
3196,
3128,
3148,
3236,
3292,
3180,
3244,
3332,
3244,
3176,
3116,
3168,
3200,
3244,
3168,
3108,
3228,
3320,
3172,
3052,
3296,
3324,
3120,
3208,
3396,
3296,
3212,
3356,
3316,
3176,
3188,
3256,
3168,
3128,
3192,
3204,
3204,
3308,
3280,
3208,
3252,
3212,
3112,
3092,
3172,
3224,
3188,
3196,
3236,
3192,
3140,
3104,
3052,
3096,
3120,
3172,
3196,
3264,
3316,
3308,
3332,
3344,
3308,
3228,
3192,
3140,
3088,
3044,
3060,
3080,
3084,
3128,
3156,
3144,
3188,
3220,
3216,
3216,
3220,
3244,
3228,
3256,
3284,
3256,
3264,
3232,
3176,
3164,
3176,
3180,
3180,
3192,
3220,
3240,
3272,
3224,
3216,
3208,
3216,
3192,
3156,
3108,
3128,
3108,
3076,
3112,
3132,
3152,
3124,
3048,
3108,
3164,
3152,
3100,
3168,
3172,
3148,
3184,
3140,
3192,
3196,
3156,
3228,
3244,
3276,
3304,
3244,
3168,
3156,
3128,
3080,
3048,
3024,
3028,
3008,
3032,
3076,
3044,
3036,
3048,
3116,
3152,
3224,
3260,
3312,
3252,
3184,
3164,
3136,
3152,
3156,
3084,
3048,
3080,
3108,
3144,
3176,
3252,
3296,
3288,
3256,
3168,
3108,
3084,
3076,
3024,
3004,
2952,
2988,
3016,
3044,
3096,
3196,
3208,
3264,
3300,
3304,
3268,
3208,
3144,
3112,
3084,
3052,
3060,
3052,
3048,
3048,
3056,
3088,
3064,
3040,
3076,
3116,
3204,
3224,
3208,
3216,
3208,
3176,
3148,
3136,
3128,
3152,
3128,
3136,
3068,
3044,
3076,
3080,
3072,
3088,
3128,
3152,
3100,
3096,
3148,
3140,
3092,
3104,
3152,
3148,
3084,
3144,
3164,
3108,
3124,
3172,
3184,
3180,
3192,
3220,
3188,
3144,
3096,
3076,
3092,
3156,
3104,
3072,
3128,
3112,
3036,
3028,
3048,
3100,
3088,
3076,
3128,
3168,
3192,
3256,
3248,
3208,
3164,
3128,
3064,
3012,
3012,
3064,
3032,
3044,
3068,
3120,
3132,
3128,
3032,
3064,
3064,
3076,
3088,
3112,
3108,
3124,
3132,
3128,
3220,
3212,
3256,
3244,
3212,
3184,
3144,
3156,
3172,
3208,
3116,
3140,
3080,
3084,
3100,
3100,
3084,
3064,
3048,
3052,
3080,
3092,
3108,
3120,
3108,
3100,
3064,
3020,
2988,
2964,
2916,
2952,
2968,
2992,
3040,
3064,
3184,
3256,
3268,
3200,
3176,
3124,
3048,
3112,
2988,
3044,
3140,
3188,
3200,
3204,
3256,
3308,
3216,
3084,
3068,
3028,
3040,
3012,
2960,
2960,
2964,
3000,
3016,
3008,
3016,
3072,
3076,
3128,
3116,
3120,
3088,
3020,
3008,
3104,
3148,
3180,
3192,
3112,
3104,
3096,
3064,
3028,
3048,
3040,
2996,
2964,
2960,
2960,
2968,
2988,
3108,
3108,
3136,
3180,
3180,
3136,
3092,
3072,
3088,
3036,
3012,
2968,
2952,
2980,
3000,
3040,
3064,
3100,
3096,
3120,
3084,
3092,
3100,
3084,
3084,
3016,
3016,
3004,
2988,
2980,
2964,
2904,
2872,
2908,
2932,
3000,
3068,
3128,
3136,
3116,
3164,
3200,
3160,
3100,
3012,
3052,
3060,
2980,
2988,
2980,
2972,
2976,
2988,
2928,
2948,
3016,
3028,
3032,
3000,
2996,
3024,
2980,
2972,
2956,
2996,
3104,
3132,
3076,
3156,
3164,
3168,
3116,
3052,
2996,
2968,
3012,
2996,
2964,
2992,
3040,
3076,
3052,
3032,
3060,
3080,
3072,
3012,
3020,
3024,
3060,
3012,
2996,
3048,
3052,
3048,
3036,
2988,
2976,
2968,
3020,
3040,
3008,
3020,
3004,
2940,
2924,
2888,
2916,
2968,
3012,
3032,
3048,
3076,
3092,
3128,
3140,
3136,
3100,
3060,
3040,
2980,
2976,
2936,
2936,
2964,
2980,
3012,
3024,
3028,
3028,
3020,
3016,
3044,
3016,
2976,
2992,
2980,
3024,
3028,
3060,
3060,
3092,
3148,
3164,
3108,
3056,
3016,
2924,
2840,
2832,
2860,
2916,
2984,
3012,
2980,
3064,
3088,
3056,
2984,
2896,
2872,
2916,
2892,
2904,
3008,
3100,
3216,
3200,
3120,
3072,
3044,
3000,
2900,
2852,
2872,
2892,
2884,
2972,
3056,
3124,
3140,
3068,
2984,
2916,
2852,
2828,
2832,
2868,
2932,
2976,
3008,
3012,
3004,
3000,
2988,
2964,
2964,
2920,
2924,
2920,
2880,
2900,
2940,
3000,
2988,
3044,
3008,
2996,
2964,
2944,
2964,
2956,
2992,
3000,
3048,
3064,
3112,
3108,
3052,
3052,
2992,
2932,
2892,
2848,
2844,
2828,
2848,
2852,
2884,
2868,
2916,
2976,
3004,
3044,
3024,
2976,
2940,
2944,
2896,
2888,
2860,
2884,
2984,
3004,
2984,
2924,
3032,
3088,
3000,
2936,
2916,
2848,
2860,
2884,
2876,
2920,
2988,
3036,
3028,
2996,
2968,
3000,
3020,
3000,
3004,
2968,
2972,
2916,
2856,
2852,
2836,
2828,
2824,
2860,
2844,
2908,
2888,
2920,
3016,
3064,
3104,
3104,
3072,
3076,
3064,
2960,
2876,
2832,
2876,
2896,
2912,
2836,
2828,
2876,
2924,
2960,
2956,
2968,
2968,
2936,
2900,
2856,
2800,
2852,
2856,
2868,
2840,
2820,
2856,
2908,
2924,
2948,
2968,
3008,
2996,
2988,
2988,
3024,
3028,
3052,
3072,
3044,
2936,
2876,
2796,
2696,
2732,
2776,
2804,
2848,
2904,
2912,
2872,
2868,
2860,
2852,
2856,
2908,
2944,
2952,
3028,
3012,
3000,
2952,
2892,
2904,
2944,
2896,
2892,
2924,
2892,
2912,
2964,
2940,
2972,
2948,
2948,
2908,
2884,
2940,
2960,
2936,
2920,
2912,
2924,
2920,
2872,
2804,
2828,
2840,
2880,
2868,
2856,
2852,
2836,
2824,
2840,
2888,
2880,
3024,
2952,
2864,
2872,
2840,
2848,
2820,
2740,
2708,
2712,
2700,
2636,
2644,
2744,
2844,
2900,
2960,
2916,
2836,
2860,
2872,
2916,
2900,
2892,
2944,
2980,
2912,
2876,
2908,
2904,
2892,
2912,
2908,
2936,
2944,
2996,
3012,
2964,
2956,
2964,
2964,
2960,
2920,
2856,
2832,
2808,
2780,
2780,
2840,
2884,
2960,
2980,
2972,
2956,
2964,
2920,
2888,
2852,
2852,
2840,
2888,
2856,
2840,
2820,
2804,
2804,
2880,
2960,
2948,
2876,
2928,
2984,
3016,
2996,
2980,
2892,
2932,
2872,
2828,
2796,
2752,
2772,
2756,
2780,
2788,
2828,
2892,
2956,
2924,
2888,
2900,
2920,
2924,
2912,
2880,
2908,
2900,
2952,
2972,
2952,
2932,
2860,
2836,
2808,
2796,
2808,
2820,
2728,
2664,
2664,
2724,
2752,
2844,
2952,
3024,
3068,
3112,
3060,
3020,
3044,
3004,
2900,
2928,
2868,
2856,
2816,
2816,
2784,
2836,
2884,
2888,
2844,
2792,
2808,
2836,
2828,
2776,
2752,
2792,
2768,
2792,
2776,
2800,
2804,
2768,
2788,
2804,
2856,
2884,
2904,
2896,
2892,
2844,
2820,
2836,
2864,
2872,
2892,
2916,
2936,
2896,
2840,
2844,
2848,
2808,
2768,
2720,
2756,
2832,
2772,
2764,
2860,
2864,
2872,
2936,
2908,
2952,
2972,
2980,
2964,
2968,
2948,
2960,
2884,
2796,
2796,
2812,
2868,
2868,
2816,
2832,
2808,
2812,
2840,
2832,
2860,
2868,
2764,
2700,
2604,
2632,
2732,
2828,
2940,
3040,
3060,
3040,
2888,
2800,
2704,
2676,
2656,
2632,
2688,
2756,
2772,
2848,
2952,
3100,
3136,
3064,
2948,
2804,
2704,
2664,
2580,
2580,
2604,
2652,
2760,
2880,
2972,
2992,
3024,
3052,
3032,
2980,
2852,
2756,
2648,
2556,
2568,
2580,
2644,
2656,
2672,
2748,
2792,
2840,
2896,
2884,
2872,
2884,
2884,
2860,
2804,
2700,
2712,
2724,
2728,
2752,
2776,
2800,
2852,
2868,
2892,
2964,
2992,
2952,
2912,
2936,
2900,
2900,
2892,
2776,
2796,
2784,
2772,
2792,
2768,
2768,
2820,
2864,
2832,
2860,
2820,
2832,
2820,
2780,
2776,
2780,
2764,
2808,
2756,
2740,
2796,
2808,
2740,
2744,
2736,
2804,
2788,
2760,
2764,
2804,
2840,
2884,
2840,
2844,
2792,
2772,
2704,
2676,
2760,
2856,
2892,
2916,
2804,
2752,
2776,
2748,
2752,
2780,
2756,
2740,
2740,
2708,
2680,
2720,
2700,
2740,
2784,
2788,
2848,
2828,
2836,
2812,
2788,
2824,
2832,
2840,
2856,
2856,
2888,
2868,
2836,
2800,
2800,
2824,
2840,
2804,
2792,
2772,
2764,
2744,
2724,
2688,
2732,
2756,
2704,
2680,
2688,
2708,
2784,
2824,
2804,
2812,
2812,
2804,
2756,
2676,
2708,
2752,
2784,
2788,
2740,
2796,
2816,
2804,
2836,
2840,
2880,
2904,
2848,
2804,
2792,
2788,
2740,
2636,
2576,
2616,
2672,
2740,
2736,
2724,
2756,
2792,
2792,
2824,
2832,
2840,
2768,
2704,
2660,
2620,
2596,
2608,
2608,
2636,
2704,
2768,
2776,
2784,
2776,
2792,
2764,
2756,
2764,
2740,
2804,
2832,
2796,
2760,
2724,
2740,
2752,
2736,
2688,
2732,
2756,
2808,
2784,
2756,
2736,
2736,
2776,
2764,
2736,
2744,
2708,
2728,
2728,
2796,
2848,
2876,
2912,
2960,
2988,
2956,
2960,
2884,
2780,
2704,
2596,
2584,
2564,
2596,
2612,
2644,
2684,
2752,
2780,
2808,
2824,
2816,
2756,
2680,
2652,
2640,
2624,
2656,
2716,
2764,
2812,
2864,
2808,
2792,
2828,
2820,
2764,
2680,
2652,
2728,
2680,
2636,
2608,
2572,
2648,
2628,
2640,
2664,
2740,
2764,
2796,
2808,
2792,
2808,
2792,
2804,
2780,
2752,
2724,
2728,
2752,
2820,
2824,
2804,
2760,
2668,
2636,
2596,
2560,
2524,
2544,
2596,
2660,
2708,
2780,
2848,
2860,
2828,
2852,
2884,
2868,
2888,
2796,
2728,
2676,
2644,
2624,
2644,
2680,
2692,
2740,
2804,
2796,
2804,
2808,
2788,
2812,
2784,
2788,
2744,
2744,
2712,
2724,
2740,
2788,
2804,
2896,
2924,
2880,
2852,
2852,
2832,
2760,
2736,
2716,
2692,
2644,
2644,
2676,
2688,
2712,
2716,
2708,
2784,
2832,
2792,
2744,
2748,
2732,
2724,
2728,
2680,
2672,
2676,
2652,
2688,
2676,
2656,
2696,
2708,
2696,
2700,
2696,
2764,
2824,
2772,
2760,
2740,
2784,
2804,
2772,
2700,
2764,
2732,
2692,
2624,
2604,
2644,
2676,
2656,
2644,
2712,
2740,
2716,
2676,
2732,
2792,
2764,
2752,
2688,
2704,
2768,
2776,
2744,
2668,
2576,
2572,
2596,
2608,
2644,
2672,
2728,
2708,
2696,
2692,
2708,
2704,
2668,
2680,
2652,
2636,
2624,
2612,
2640,
2696,
2768,
2808,
2836,
2836,
2876,
2884,
2848,
2804,
2748,
2676,
2632,
2628,
2608,
2612,
2664,
2728,
2744,
2708,
2672,
2628,
2676,
2664,
2692,
2720,
2744,
2784,
2796,
2804,
2776,
2780,
2724,
2628,
2644,
2664,
2696,
2712,
2684,
2668,
2756,
2720,
2716,
2708,
2640,
2652,
2680,
2676,
2680,
2736,
2760,
2756,
2664,
2616,
2600,
2568,
2652,
2660,
2680,
2716,
2732,
2700,
2644,
2576,
2584,
2600,
2600,
2628,
2676,
2716,
2688,
2676,
2700,
2700,
2700,
2668,
2704,
2708,
2716,
2668,
2668,
2632,
2648,
2696,
2752,
2752,
2780,
2776,
2804,
2748,
2652,
2556,
2524,
2500,
2556,
2604,
2656,
2672,
2692,
2700,
2708,
2680,
2680,
2672,
2676,
2688,
2740,
2768,
2748,
2796,
2808,
2812,
2792,
2732,
2700,
2676,
2660,
2604,
2596,
2584,
2608,
2652,
2696,
2684,
2688,
2696,
2680,
2644,
2600,
2604,
2568,
2604,
2640,
2580,
2604,
2688,
2672,
2732,
2796,
2732,
2736,
2692,
2652,
2616,
2560,
2636,
2724,
2712,
2660,
2680,
2660,
2672,
2680,
2664,
2660,
2680,
2700,
2716,
2696,
2676,
2692,
2644,
2652,
2644,
2680,
2720,
2676,
2696,
2732,
2724,
2708,
2680,
2648,
2660,
2656,
2692,
2688,
2664,
2696,
2664,
2616,
2604,
2596,
2604,
2572,
2616,
2596,
2580,
2636,
2684,
2680,
2648,
2700,
2692,
2700,
2680,
2616,
2560,
2552,
2540,
2588,
2596,
2632,
2684,
2684,
2696,
2688,
2648,
2640,
2640,
2612,
2584,
2544,
2516,
2544,
2536,
2568,
2640,
2696,
2708,
2740,
2748,
2788,
2788,
2752,
2728,
2676,
2608,
2532,
2448,
2452,
2488,
2492,
2512,
2600,
2648,
2680,
2760,
2696,
2700,
2708,
2648,
2560,
2532,
2560,
2564,
2552,
2580,
2588,
2656,
2700,
2712,
2648,
2648,
2632,
2624,
2608,
2620,
2596,
2624,
2624,
2592,
2572,
2580,
2644,
2640,
2612,
2616,
2664,
2664,
2688,
2684,
2668,
2684,
2652,
2596,
2552,
2600,
2644,
2644,
2684,
2620,
2588,
2612,
2620,
2620,
2640,
2616,
2620,
2580,
2544,
2520,
2528,
2540,
2600,
2632,
2628,
2640,
2636,
2604,
2592,
2580,
2612,
2640,
2648,
2632,
2624,
2632,
2616,
2604,
2596,
2640,
2632,
2612,
2592,
2540,
2528,
2548,
2588,
2624,
2548,
2548,
2620,
2564,
2556,
2548,
2612,
2660,
2588,
2560,
2712,
2792,
2612,
2548,
2640,
2692,
2636,
2668,
2712,
2600,
2544,
2520,
2556,
2520,
2548,
2600,
2596,
2620,
2576,
2444,
2440,
2672,
2580,
2368,
2516,
2696,
2592,
2456,
2680,
2760,
2660,
2664,
2780,
2624,
2508,
2584,
2564,
2524,
2588,
2596,
2552,
2568,
2672,
2612,
2588,
2560,
2548,
2552,
2612,
2664,
2628,
2676,
2716,
2732,
2744,
2720,
2720,
2600,
2596,
2624,
2572,
2600,
2712,
2740,
2640,
2596,
2560,
2488,
2484,
2424,
2436,
2492,
2548,
2568,
2616,
2660,
2656,
2652,
2668,
2620,
2604,
2568,
2564,
2604,
2596,
2628,
2624,
2616,
2608,
2600,
2596,
2648,
2672,
2680,
2688,
2668,
2636,
2596,
2536,
2520,
2468,
2484,
2492,
2480,
2516,
2584,
2576,
2576,
2608,
2544,
2580,
2620,
2624,
2580,
2520,
2504,
2588,
2564,
2584,
2588,
2584,
2608,
2576,
2524,
2588,
2612,
2652,
2692,
2628,
2592,
2624,
2564,
2552,
2516,
2532,
2532,
2480,
2412,
2464,
2500,
2532,
2632,
2676,
2716,
2688,
2612,
2584,
2604,
2644,
2572,
2540,
2564,
2548,
2584,
2572,
2620,
2628,
2600,
2620,
2636,
2664,
2672,
2652,
2652,
2640,
2624,
2500,
2464,
2492,
2536,
2572,
2564,
2612,
2628,
2588,
2592,
2580,
2560,
2560,
2552,
2548,
2560,
2584,
2608,
2612,
2604,
2624,
2656,
2680,
2668,
2612,
2556,
2500,
2476,
2420,
2400,
2376,
2380,
2428,
2468,
2584,
2668,
2664,
2640,
2648,
2648,
2656,
2640,
2568,
2536,
2548,
2568,
2576,
2504,
2524,
2580,
2624,
2680,
2644,
2616,
2596,
2536,
2488,
2504,
2524,
2528,
2572,
2516,
2528,
2572,
2584,
2584,
2624,
2676,
2748,
2716,
2668,
2648,
2652,
2640,
2588,
2528,
2488,
2464,
2420,
2428,
2436,
2544,
2612,
2608,
2576,
2548,
2540,
2560,
2556,
2532,
2484,
2548,
2604,
2640,
2632,
2588,
2568,
2524,
2512,
2508,
2516,
2536,
2560,
2568,
2560,
2516,
2504,
2520,
2548,
2548,
2548,
2584,
2620,
2604,
2632,
2692,
2656,
2648,
2584,
2564,
2520,
2476,
2424,
2376,
2324,
2284,
2276,
2296,
2368,
2380,
2412,
2532,
2600,
2616,
2664,
2728,
2732,
2640,
2620,
2628,
2612,
2576,
2548,
2500,
2564,
2568,
2576,
2544,
2520,
2584,
2552,
2444,
2440,
2480,
2484,
2536,
2524,
2568,
2608,
2616,
2628,
2572,
2572,
2628,
2700,
2728,
2708,
2636,
2592,
2504,
2404,
2364,
2392,
2404,
2396,
2372,
2376,
2420,
2468,
2448,
2484,
2512,
2568,
2596,
2612,
2640,
2616,
2620,
2624,
2576,
2580,
2572,
2584,
2612,
2620,
2604,
2556,
2568,
2512,
2460,
2452,
2404,
2412,
2388,
2380,
2408,
2452,
2472,
2480,
2500,
2512,
2496,
2540,
2536,
2512,
2524,
2516,
2504,
2532,
2576,
2560,
2540,
2516,
2492,
2472,
2512,
2520,
2492,
2476,
2476,
2552,
2556,
2596,
2544,
2488,
2492,
2500,
2484,
2484,
2520,
2520,
2532,
2528,
2424,
2404,
2428,
2436,
2440,
2432,
2504,
2576,
2556,
2536,
2568,
2572,
2588,
2580,
2520,
2548,
2528,
2560,
2544,
2500,
2464,
2460,
2484,
2540,
2572,
2644,
2632,
2608,
2612,
2612,
2564,
2540,
2500,
2444,
2488,
2484,
2452,
2412,
2400,
2448,
2464,
2464,
2456,
2452,
2448,
2452,
2540,
2516,
2536,
2572,
2532,
2544,
2504,
2484,
2492,
2492,
2472,
2444,
2440,
2424,
2440,
2432,
2504,
2512,
2512,
2532,
2540,
2500,
2472,
2468,
2428,
2424,
2452,
2444,
2504,
2588,
2544,
2564,
2576,
2580,
2604,
2572,
2540,
2576,
2528,
2496,
2504,
2472,
2456,
2440,
2428,
2464,
2528,
2480,
2400,
2456,
2472,
2484,
2544,
2476,
2528,
2612,
2608,
2624,
2572,
2512,
2528,
2492,
2472,
2444,
2412,
2468,
2460,
2376,
2396,
2388,
2484,
2520,
2472,
2476,
2532,
2516,
2448,
2428,
2412,
2448,
2416,
2356,
2392,
2412,
2448,
2468,
2428,
2444,
2464,
2460,
2432,
2428,
2540,
2572,
2576,
2536,
2464,
2384,
2372,
2384,
2400,
2464,
2468,
2536,
2504,
2424,
2396,
2412,
2448,
2448,
2440,
2472,
2476,
2500,
2512,
2548,
2496,
2472,
2500,
2488,
2540,
2552,
2536,
2564,
2600,
2612,
2596,
2584,
2568,
2496,
2424,
2396,
2424,
2416,
2404,
2404,
2428,
2480,
2496,
2552,
2512,
2548,
2520,
2536,
2532,
2564,
2640,
2652,
2576,
2572,
2588,
2560,
2464,
2380,
2340,
2416,
2428,
2472,
2480,
2472,
2484,
2436,
2412,
2384,
2324,
2328,
2320,
2308,
2308,
2344,
2416,
2512,
2552,
2536,
2544,
2504,
2492,
2484,
2460,
2464,
2396,
2392,
2412,
2428,
2464,
2504,
2492,
2488,
2516,
2532,
2508,
2480,
2464,
2492,
2472,
2428,
2436,
2440,
2500,
2512,
2520,
2564,
2536,
2528,
2536,
2552,
2508,
2528,
2492,
2440,
2376,
2320,
2316,
2344,
2412,
2412,
2428,
2464,
2488,
2488,
2476,
2476,
2448,
2364,
2336,
2380,
2412,
2448,
2448,
2456,
2432,
2408,
2460,
2484,
2484,
2504,
2512,
2524,
2500,
2440,
2400,
2408,
2388,
2376,
2384,
2388,
2488,
2524,
2524,
2516,
2512,
2468,
2496,
2492,
2440,
2444,
2424,
2420,
2476,
2516,
2544,
2596,
2560,
2532,
2536,
2568,
2568,
2536,
2464,
2476,
2460,
2476,
2456,
2448,
2416,
2440,
2388,
2416,
2428,
2468,
2484,
2448,
2448,
2484,
2404,
2388,
2396,
2368,
2376,
2396,
2380,
2368,
2356,
2384,
2448,
2480,
2492,
2512,
2544,
2480,
2480,
2456,
2424,
2488,
2484,
2476,
2412,
2392,
2356,
2376,
2404,
2456,
2428,
2448,
2452,
2488,
2484,
2508,
2520,
2476,
2464,
2472,
2436,
2452,
2408,
2392,
2420,
2436,
2468,
2516,
2472,
2432,
2432,
2436,
2440,
2408,
2372,
2460,
2516,
2548,
2588,
2620,
2568,
2476,
2412,
2432,
2424,
2428,
2416,
2472,
2476,
2508,
2556,
2512,
2548,
2556,
2520,
2472,
2436,
2468,
2492,
2424,
2416,
2416,
2424,
2436,
2416,
2348,
2336,
2364,
2448,
2412,
2396,
2384,
2428,
2476,
2452,
2452,
2416,
2420,
2408,
2412,
2444,
2500,
2568,
2584,
2536,
2500,
2500,
2504,
2468,
2432,
2504,
2592,
2656,
2644,
2556,
2472,
2464,
2492,
2512,
2480,
2464,
2472,
2444,
2420,
2400,
2416,
2416,
2356,
2348,
2312,
2340,
2328,
2296,
2372,
2428,
2460,
2448,
2420,
2404,
2384,
2376,
2372,
2392,
2372,
2388,
2392,
2436,
2472,
2512,
2508,
2488,
2456,
2432,
2400,
2424,
2472,
2444,
2460,
2424,
2452,
2460,
2488,
2472,
2500,
2568,
2572,
2488,
2432,
2392,
2352,
2324,
2284,
2232,
2280,
2276,
2312,
2320,
2320,
2384,
2436,
2440,
2424,
2436,
2412,
2440,
2392,
2328,
2360,
2376,
2452,
2460,
2452,
2496,
2520,
2520,
2544,
2512,
2496,
2440,
2308,
2244,
2264,
2260,
2292,
2288,
2320,
2284,
2268,
2256,
2336,
2396,
2384,
2388,
2460,
2468,
2348,
2320,
2344,
2388,
2348,
2232,
2280,
2360,
2356,
2228,
2248,
2352,
2376,
2304,
2336,
2428,
2452,
2404,
2312,
2340,
2392,
2284,
2228,
2216,
2332,
2348,
2316,
2348,
2464,
2484,
2392,
2372,
2368,
2384,
2328,
2316,
2392,
2472,
2468,
2376,
2444,
2536,
2484,
2388,
2420,
2436,
2384,
2292,
2260,
2352,
2452,
2380,
2284,
2320,
2344,
2344,
2404,
2392,
2448,
2440,
2448,
2392,
2324,
2356,
2396,
2396,
2376,
2392,
2400,
2456,
2432,
2436,
2424,
2440,
2420,
2408,
2440,
2436,
2424,
2368,
2388,
2340,
2348,
2332,
2312,
2336,
2396,
2388,
2364,
2408,
2420,
2456,
2448,
2388,
2312,
2292,
2296,
2304,
2332,
2388,
2404,
2436,
2424,
2432,
2404,
2384,
2420,
2384,
2344,
2308,
2292,
2300,
2304,
2336,
2340,
2348,
2360,
2376,
2372,
2360,
2360,
2388,
2376,
2388,
2396,
2392,
2408,
2416,
2404,
2380,
2360,
2340,
2340,
2324,
2352,
2408,
2428,
2412,
2376,
2380,
2404,
2380,
2356,
2384,
2396,
2392,
2372,
2400,
2448,
2504,
2476,
2424,
2400,
2344,
2312,
2308,
2244,
2260,
2288,
2312,
2296,
2292,
2300,
2328,
2272,
2236,
2256,
2252,
2320,
2352,
2356,
2436,
2460,
2492,
2504,
2464,
2416,
2408,
2368,
2324,
2308,
2264,
2292,
2284,
2244,
2272,
2332,
2408,
2460,
2480,
2508,
2464,
2464,
2392,
2296,
2336,
2344,
2312,
2272,
2232,
2264,
2300,
2320,
2332,
2348,
2396,
2468,
2484,
2456,
2392,
2392,
2388,
2404,
2352,
2328,
2368,
2328,
2232,
2196,
2116,
2100,
2128,
2176,
2280,
2392,
2468,
2536,
2608,
2588,
2568,
2528,
2452,
2360,
2300,
2256,
2256,
2248,
2296,
2284,
2272,
2280,
2304,
2352,
2336,
2356,
2364,
2404,
2384,
2352,
2384,
2356,
2280,
2308,
2372,
2360,
2344,
2300,
2244,
2300,
2360,
2388,
2388,
2372,
2408,
2404,
2328,
2288,
2256,
2284,
2280,
2240,
2240,
2348,
2412,
2476,
2448,
2408,
2428,
2448,
2428,
2412,
2392,
2416,
2404,
2352,
2352,
2368,
2428,
2452,
2396,
2368,
2376,
2372,
2360,
2288,
2280,
2260,
2244,
2192,
2152,
2156,
2212,
2256,
2240,
2268,
2312,
2384,
2384,
2384,
2336,
2336,
2300,
2312,
2304,
2328,
2316,
2308,
2208,
2148,
2144,
2200,
2228,
2280,
2324,
2384,
2388,
2432,
2400,
2400,
2408,
2384,
2392,
2396,
2360,
2364,
2292,
2272,
2244,
2256,
2316,
2364,
2328,
2280,
2236,
2276,
2260,
2216,
2260,
2272,
2292,
2324,
2312,
2332,
2324,
2356,
2368,
2368,
2304,
2324,
2356,
2340,
2356,
2340,
2368,
2440,
2404,
2388,
2436,
2452,
2512,
2468,
2336,
2328,
2280,
2224,
2248,
2224,
2208,
2276,
2292,
2320,
2356,
2344,
2296,
2244,
2240,
2216,
2228,
2260,
2292,
2308,
2344,
2332,
2284,
2232,
2212,
2312,
2324,
2336,
2344,
2352,
2344,
2344,
2376,
2356,
2324,
2384,
2352,
2364,
2360,
2392,
2384,
2396,
2388,
2376,
2364,
2352,
2376,
2396,
2324,
2332,
2384,
2396,
2416,
2480,
2452,
2384,
2284,
2248,
2192,
2196,
2252,
2244,
2224,
2248,
2268,
2264,
2264,
2268,
2280,
2276,
2292,
2264,
2324,
2328,
2320,
2280,
2200,
2264,
2356,
2344,
2324,
2352,
2324,
2344,
2368,
2236,
2184,
2200,
2224,
2284,
2296,
2316,
2384,
2380,
2320,
2292,
2304,
2292,
2288,
2208,
2232,
2244,
2252,
2308,
2352,
2312,
2344,
2316,
2308,
2300,
2304,
2364,
2348,
2320,
2332,
2364,
2388,
2392,
2364,
2376,
2368,
2384,
2344,
2268,
2284,
2268,
2284,
2340,
2288,
2268,
2260,
2264,
2252,
2252,
2276,
2348,
2364,
2384,
2300,
2312,
2304,
2272,
2312,
2332,
2320,
2284,
2276,
2264,
2204,
2204,
2204,
2192,
2192,
2216,
2188,
2176,
2240,
2276,
2320,
2384,
2404,
2412,
2368,
2312,
2300,
2232,
2212,
2232,
2260,
2220,
2180,
2228,
2252,
2312,
2356,
2316,
2244,
2236,
2252,
2268,
2244,
2268,
2308,
2384,
2372,
2328,
2284,
2312,
2312,
2272,
2272,
2312,
2324,
2376,
2348,
2380,
2412,
2456,
2472,
2348,
2264,
2268,
2276,
2352,
2392,
2400,
2404,
2392,
2384,
2360,
2320,
2308,
2264,
2164,
2152,
2152,
2172,
2192,
2192,
2220,
2316,
2436,
2460,
2460,
2452,
2404,
2312,
2236,
2156,
2104,
2084,
2108,
2140,
2168,
2200,
2236,
2248,
2252,
2220,
2280,
2324,
2332,
2348,
2360,
2340,
2336,
2288,
2296,
2328,
2388,
2352,
2372,
2364,
2400,
2408,
2392,
2364,
2340,
2328,
2360,
2364,
2412,
2428,
2412,
2392,
2336,
2312,
2300,
2268,
2220,
2156,
2148,
2168,
2236,
2276,
2276,
2280,
2240,
2272,
2368,
2388,
2348,
2316,
2320,
2332,
2356,
2284,
2296,
2276,
2248,
2228,
2224,
2288,
2328,
2256,
2244,
2252,
2232,
2188,
2204,
2212,
2284,
2328,
2376,
2404,
2344,
2272,
2264,
2256,
2344,
2364,
2380,
2424,
2356,
2264,
2240,
2220,
2248,
2212,
2232,
2248,
2228,
2204,
2140,
2140,
2172,
2160,
2184,
2232,
2272,
2276,
2288,
2372,
2360,
2324,
2352,
2296,
2280,
2260,
2248,
2312,
2320,
2344,
2260,
2224,
2236,
2240,
2244,
2276,
2312,
2304,
2284,
2260,
2240,
2260,
2264,
2304,
2344,
2384,
2348,
2328,
2324,
2256,
2224,
2256,
